[30, 3, 29, 17, 1, 5.3505120581433765, 36, 0, 1, 1.3333333333333333, 2, 3, 0, 0, 0, 0, 0, 1]
[35, 1, 29, 10, 1, 5.349495392716103, 20, 0, 3, 3.0, 5, 6, 0, 0, 0, 0, 0, 1]
[47, 6, 35, 11, 1, 5.348030121139365, 41, 4, 6, 3.142857142857143, 7, 14, 0, 0, 0, 0, 0, 1]
[85, 7, 71, 15, 1, 5.344939446366782, 58, 12, 13, 2.787878787878788, 8, 33, 0, 0, 0, 0, 0, 1]
[35, 3, 32, 9, 1, 5.341268986319078, 5, 2, 3, 2.625, 4, 8, 0, 0, 0, 0, 0, 1]
[26, 2, 26, 9, 1, 5.339993554624557, 20, 1, 0, 1.3333333333333333, 2, 3, 0, 0, 0, 0, 0, 1]
[41, 3, 33, 17, 1, 5.339572192513369, 46, 0, 3, 2.5, 7, 6, 0, 0, 0, 0, 0, 1]
[38, 4, 32, 10, 1, 5.336706433745206, 27, 3, 3, 3.125, 5, 8, 0, 0, 0, 0, 0, 1]
[44, 3, 32, 12, 1, 5.3398006785411365, 72, 2, 1, 4.666666666666667, 6, 3, 0, 0, 0, 0, 0, 1]
[25, 1, 22, 8, 1, 5.3374220154383, 7, 0, 0, 1.0, 1, 1, 0, 0, 0, 0, 0, 1]
[26, 3, 23, 15, 1, 5.33702414847622, 22, 2, 2, 4.4, 8, 5, 0, 0, 0, 0, 0, 1]
[39, 2, 36, 9, 1, 5.335328712455366, 32, 0, 0, 1.0, 1, 3, 0, 0, 0, 0, 0, 1]
[28, 5, 26, 9, 1, 5.332356020942409, 14, 0, 0, 1.0, 1, 2, 0, 0, 0, 0, 0, 1]
[34, 4, 31, 17, 1, 5.332116026711185, 45, 1, 3, 1.8, 3, 10, 0, 0, 0, 0, 0, 1]
[41, 1, 36, 12, 1, 5.3317402597402594, 49, 4, 4, 3.8, 9, 10, 0, 0, 0, 0, 0, 1]
[25, 2, 21, 7, 1, 5.328082901554404, 2, 2, 2, 2.3333333333333335, 4, 9, 0, 0, 0, 0, 0, 1]
[36, 1, 35, 15, 1, 5.3278959322733845, 40, 4, 3, 4.111111111111111, 8, 9, 0, 0, 0, 0, 0, 1]
[27, 4, 22, 10, 1, 5.326778544219088, 19, 2, 2, 4.4, 6, 5, 0, 0, 0, 0, 0, 1]
[22, 4, 20, 9, 1, 5.324191063174114, 8, 1, 1, 2.0, 3, 4, 0, 0, 0, 0, 0, 1]
[36, 2, 35, 17, 1, 5.322894278988844, 48, 3, 0, 2.75, 5, 4, 0, 0, 0, 0, 0, 1]
[42, 2, 32, 16, 1, 5.324875165596658, 73, 5, 5, 4.714285714285714, 14, 14, 0, 0, 0, 0, 0, 1]
[46, 4, 37, 12, 1, 5.322345065422456, 38, 2, 5, 2.3333333333333335, 5, 9, 0, 0, 0, 0, 0, 1]
[46, 3, 45, 15, 1, 5.321655729429581, 54, 2, 1, 2.125, 8, 8, 0, 0, 0, 0, 0, 1]
[47, 5, 36, 12, 1, 5.321744372990354, 53, 4, 3, 2.0, 3, 14, 0, 0, 0, 0, 0, 1]
[24, 3, 23, 12, 1, 5.319667201283079, 22, 0, 1, 3.0, 3, 1, 0, 0, 0, 0, 0, 1]
[38, 4, 29, 12, 1, 5.318653884561614, 38, 1, 1, 3.0, 9, 4, 0, 0, 0, 0, 0, 1]
[60, 2, 36, 17, 1, 5.323903116934684, 79, 4, 4, 1.4583333333333333, 4, 24, 0, 0, 0, 0, 0, 1]
[27, 2, 25, 8, 1, 5.320661320661321, 9, 0, 0, 1.0, 1, 1, 0, 0, 0, 0, 0, 1]
[41, 4, 41, 12, 1, 5.3185762177085385, 25, 4, 1, 2.0, 8, 9, 0, 0, 0, 0, 0, 1]
[35, 2, 32, 15, 1, 5.320919720939373, 51, 2, 5, 2.5, 8, 12, 0, 0, 0, 0, 0, 1]
[44, 4, 35, 10, 1, 5.320418745719597, 25, 2, 1, 1.8571428571428572, 5, 7, 0, 0, 0, 0, 0, 1]
[44, 6, 41, 9, 1, 5.3168046760837795, 13, 2, 1, 2.0, 5, 9, 0, 0, 0, 0, 0, 1]
[54, 5, 45, 17, 1, 5.315631359627871, 57, 3, 3, 3.75, 7, 8, 0, 0, 0, 0, 0, 1]
[38, 3, 34, 12, 1, 5.312059476682437, 23, 2, 0, 3.3333333333333335, 6, 3, 0, 0, 0, 0, 0, 1]
[40, 4, 33, 10, 1, 5.310089448879484, 22, 1, 2, 3.0, 5, 4, 0, 0, 0, 0, 0, 1]
[67, 2, 63, 15, 1, 5.308964067278287, 45, 2, 1, 2.8, 8, 5, 0, 0, 0, 0, 0, 1]
[34, 5, 31, 11, 1, 5.307010859211278, 28, 2, 2, 2.8333333333333335, 6, 6, 0, 0, 0, 0, 0, 1]
[39, 1, 36, 10, 1, 5.305115307962418, 29, 3, 2, 2.625, 5, 8, 0, 0, 0, 0, 0, 1]
[34, 1, 30, 17, 1, 5.304606943524737, 34, 1, 1, 2.4, 3, 5, 0, 0, 0, 0, 0, 1]
[34, 8, 30, 12, 1, 5.304761904761905, 40, 1, 1, 2.5714285714285716, 4, 7, 0, 0, 0, 0, 0, 1]
[56, 5, 47, 12, 1, 5.304849451270988, 45, 3, 2, 2.4545454545454546, 6, 11, 0, 0, 0, 0, 0, 1]
[36, 3, 34, 15, 1, 5.306908479012807, 47, 1, 2, 4.0, 8, 6, 0, 0, 0, 0, 0, 1]
[53, 3, 46, 15, 1, 5.307813953488372, 54, 2, 3, 3.1, 9, 10, 0, 0, 0, 0, 0, 1]
[24, 2, 22, 11, 1, 5.304715054761463, 16, 0, 0, 1.0, 1, 1, 0, 0, 0, 0, 0, 1]
[38, 4, 36, 17, 1, 5.308453570107289, 83, 2, 3, 2.625, 5, 8, 0, 0, 0, 0, 0, 1]
[34, 4, 34, 16, 1, 5.310344827586207, 64, 2, 3, 3.8333333333333335, 9, 6, 0, 0, 0, 0, 0, 1]
[37, 5, 31, 12, 1, 5.309105945051916, 44, 4, 1, 2.8181818181818183, 9, 11, 0, 0, 0, 0, 0, 1]
[37, 2, 32, 15, 1, 5.3092490842490845, 36, 1, 2, 4.25, 8, 4, 0, 0, 0, 0, 0, 1]
[30, 1, 29, 10, 1, 5.304840182648402, 13, 1, 1, 3.25, 5, 4, 0, 0, 0, 0, 0, 1]
[45, 5, 42, 12, 1, 5.3034106412005455, 28, 2, 3, 2.5, 8, 12, 0, 0, 0, 0, 0, 1]
[56, 3, 50, 17, 1, 5.301511175459234, 58, 3, 1, 1.5555555555555556, 2, 9, 0, 0, 0, 0, 0, 1]
[35, 5, 33, 9, 1, 5.29821396355764, 9, 2, 1, 2.0, 4, 8, 0, 0, 0, 0, 0, 1]
[45, 4, 42, 8, 1, 5.294672536160273, 8, 1, 0, 1.4, 3, 5, 0, 0, 0, 0, 0, 1]
[39, 6, 33, 15, 1, 5.294538943598925, 28, 2, 0, 3.0, 8, 5, 0, 0, 0, 0, 0, 1]
[46, 6, 44, 12, 1, 5.29243937232525, 38, 2, 1, 2.0, 3, 9, 0, 0, 0, 0, 0, 1]
[34, 2, 31, 10, 1, 5.291733333333333, 19, 2, 0, 1.2, 2, 5, 0, 0, 0, 0, 0, 1]
[36, 5, 34, 17, 1, 5.2905369484316855, 35, 4, 0, 2.375, 7, 8, 0, 0, 0, 0, 0, 1]
[37, 3, 35, 8, 1, 5.2879978804203835, 16, 0, 1, 2.0, 3, 4, 0, 0, 0, 0, 0, 1]
[28, 2, 26, 10, 1, 5.286494581975156, 10, 0, 0, 0.0, 0, 0, 0, 0, 0, 0, 0, 1]
[42, 6, 39, 6, 1, 5.282015272535768, 13, 2, 4, 1.9090909090909092, 4, 11, 0, 0, 0, 0, 0, 1]
[41, 3, 39, 15, 1, 5.283190484519853, 47, 2, 3, 3.0, 8, 10, 0, 0, 0, 0, 0, 1]
[25, 4, 21, 10, 1, 5.281612706169823, 9, 0, 1, 3.0, 3, 1, 0, 0, 0, 0, 0, 1]
[48, 4, 45, 12, 1, 5.279308247153907, 34, 3, 2, 1.7, 3, 10, 0, 0, 0, 0, 0, 1]
[46, 4, 35, 17, 1, 5.281225655673851, 61, 3, 4, 2.066666666666667, 4, 15, 0, 0, 0, 0, 0, 1]
[35, 3, 33, 15, 1, 5.2803762512944425, 30, 0, 3, 3.0, 6, 4, 0, 0, 0, 0, 0, 1]
[27, 2, 26, 9, 1, 5.277486009470512, 13, 2, 1, 1.8571428571428572, 3, 7, 0, 0, 0, 0, 0, 1]
[61, 9, 43, 15, 1, 5.281860226104831, 78, 3, 5, 3.5454545454545454, 8, 11, 0, 0, 0, 0, 0, 1]
[33, 6, 27, 9, 1, 5.280980442394739, 26, 3, 1, 1.6666666666666667, 3, 6, 0, 0, 0, 0, 0, 1]
[43, 7, 38, 9, 1, 5.2805479918311775, 32, 1, 1, 1.8571428571428572, 3, 7, 0, 0, 0, 0, 0, 1]
[51, 0, 45, 17, 1, 5.280691349656867, 50, 0, 2, 1.375, 3, 8, 0, 0, 0, 0, 0, 1]
[49, 9, 46, 12, 1, 5.27969962875464, 31, 1, 2, 2.375, 7, 8, 0, 0, 0, 0, 0, 1]
[47, 6, 39, 10, 1, 5.2786788805782, 33, 0, 1, 1.5555555555555556, 4, 9, 0, 0, 0, 0, 0, 1]
[45, 9, 42, 15, 1, 5.280810448760884, 47, 4, 3, 2.4705882352941178, 8, 17, 0, 0, 0, 0, 0, 1]
[39, 2, 36, 16, 1, 5.282650421430359, 58, 0, 2, 1.6, 3, 5, 0, 0, 0, 0, 0, 1]
[38, 2, 31, 14, 1, 5.282006488644871, 28, 1, 1, 1.625, 4, 8, 0, 0, 0, 0, 0, 1]
[69, 5, 58, 17, 1, 5.282133995037221, 65, 4, 9, 2.8333333333333335, 11, 24, 0, 0, 0, 0, 0, 1]
[37, 3, 33, 10, 1, 5.281355652675847, 21, 1, 2, 2.0, 3, 5, 0, 0, 0, 0, 0, 1]
[63, 6, 46, 18, 1, 5.284003281378179, 52, 4, 4, 3.3846153846153846, 10, 13, 0, 0, 0, 0, 0, 1]
[70, 4, 59, 21, 1, 5.288172920065253, 75, 2, 1, 5.0, 15, 9, 0, 0, 0, 0, 0, 1]
[59, 4, 51, 22, 1, 5.294179722380063, 90, 5, 1, 3.5, 15, 10, 0, 0, 0, 0, 0, 1]
