[34, 5, 12, 18, 4, 6.251390108282119, 47, 3, 2, 5.875, 16, 8, 0, 0, 0, 0, 0, 1]
[21, 2, 8, 18, 4, 6.2588714368819085, 34, 2, 1, 6.666666666666667, 9, 3, 0, 0, 0, 0, 0, 1]
[9, 4, 5, 15, 4, 6.262257035102988, 13, 0, 0, 0.0, 0, 0, 0, 0, 0, 0, 0, 1]
[27, 3, 16, 16, 3, 6.265975820379966, 41, 4, 2, 4.375, 11, 8, 0, 0, 0, 0, 0, 1]
[23, 5, 13, 19, 4, 6.271375464684015, 46, 1, 2, 4.666666666666667, 6, 3, 0, 0, 0, 0, 0, 1]
[15, 4, 8, 11, 4, 6.2733485193621865, 22, 0, 0, 0.0, 0, 0, 0, 0, 0, 0, 0, 1]
[14, 4, 8, 16, 4, 6.2745320476460575, 13, 1, 0, 7.5, 13, 2, 0, 0, 0, 0, 0, 1]
[10, 2, 3, 14, 5, 6.281957013574661, 20, 0, 0, 0.0, 0, 0, 0, 0, 0, 0, 0, 1]
[42, 4, 19, 12, 3, 6.282001117942985, 29, 5, 6, 5.153846153846154, 10, 13, 0, 0, 0, 0, 0, 1]
[29, 3, 20, 12, 3, 6.281674521763238, 35, 4, 2, 4.857142857142857, 9, 7, 0, 0, 0, 0, 0, 1]
[13, 2, 8, 16, 4, 6.291988950276243, 40, 1, 0, 4.0, 4, 1, 0, 0, 0, 0, 0, 1]
[16, 2, 9, 7, 3, 6.2857535753575355, 3, 1, 0, 3.0, 4, 2, 0, 0, 0, 0, 0, 1]
[20, 1, 11, 14, 3, 6.285831509846827, 36, 2, 2, 6.5, 12, 4, 0, 0, 0, 0, 0, 1]
[11, 3, 7, 12, 4, 6.286610308153804, 11, 0, 1, 2.25, 3, 4, 0, 0, 0, 0, 0, 1]
[20, 2, 7, 11, 3, 6.282072145375644, 16, 1, 1, 5.5, 7, 2, 0, 0, 0, 0, 0, 1]
[9, 4, 3, 12, 4, 6.285984848484849, 13, 0, 0, 4.0, 4, 1, 0, 0, 0, 0, 0, 1]
[22, 4, 12, 16, 3, 6.284023668639053, 22, 2, 0, 3.0, 4, 2, 0, 0, 0, 0, 0, 1]
[19, 5, 14, 12, 3, 6.285255552582285, 34, 1, 1, 5.0, 8, 3, 0, 0, 0, 0, 0, 1]
[11, 6, 8, 12, 4, 6.2884204909284955, 19, 0, 1, 5.0, 10, 3, 0, 0, 0, 0, 0, 1]
[26, 3, 17, 16, 3, 6.291467938526762, 44, 1, 1, 5.0, 6, 2, 0, 0, 0, 0, 0, 1]
[12, 4, 6, 15, 4, 6.298203909138933, 29, 0, 3, 6.0, 10, 3, 0, 0, 0, 0, 0, 1]
[10, 3, 8, 6, 4, 6.2963645943098, 3, 0, 0, 2.0, 2, 1, 0, 0, 0, 0, 0, 1]
[23, 4, 16, 16, 3, 6.299031159989526, 37, 4, 2, 5.5, 13, 6, 0, 0, 0, 0, 0, 1]
[10, 3, 6, 16, 4, 6.300861843823452, 15, 0, 2, 5.0, 7, 2, 0, 0, 0, 0, 0, 1]
[15, 5, 13, 13, 4, 6.299687825182102, 17, 0, 1, 4.333333333333333, 9, 3, 0, 0, 0, 0, 0, 1]
[24, 3, 14, 12, 3, 6.301189245087901, 22, 4, 2, 4.666666666666667, 6, 6, 0, 0, 0, 0, 0, 1]
[14, 2, 9, 14, 4, 6.304224626481195, 19, 1, 0, 3.0, 4, 2, 0, 0, 0, 0, 0, 1]
[16, 1, 10, 11, 3, 6.30271934325295, 15, 0, 1, 4.0, 7, 2, 0, 0, 0, 0, 0, 1]
[19, 3, 13, 12, 4, 6.304059229001787, 28, 2, 1, 3.75, 7, 4, 0, 0, 0, 0, 0, 1]
[12, 3, 11, 16, 3, 6.308475439043013, 28, 2, 0, 7.5, 11, 2, 0, 0, 0, 0, 0, 1]
[18, 1, 10, 10, 3, 6.307068659741576, 8, 0, 0, 1.0, 1, 2, 0, 0, 0, 0, 0, 1]
[16, 0, 13, 12, 3, 6.311884935654807, 28, 1, 2, 4.75, 7, 4, 0, 0, 0, 0, 0, 1]
[11, 5, 11, 14, 3, 6.3115249119275285, 12, 0, 0, 0.0, 0, 0, 0, 0, 0, 0, 0, 1]
[23, 3, 7, 14, 3, 6.313485113835377, 33, 1, 1, 4.5, 6, 2, 0, 0, 0, 0, 0, 1]
[18, 5, 6, 15, 4, 6.318306351183064, 28, 0, 1, 2.5, 3, 2, 0, 0, 0, 0, 0, 1]
[27, 5, 23, 10, 3, 6.31840672934191, 26, 4, 2, 5.571428571428571, 8, 7, 0, 0, 0, 0, 1, 1]
[11, 5, 8, 15, 5, 6.322723908216136, 24, 0, 2, 3.0, 4, 3, 0, 0, 0, 0, 0, 1]
[15, 3, 13, 12, 3, 6.321042281219272, 6, 1, 1, 4.0, 5, 3, 0, 0, 0, 0, 0, 1]
[25, 1, 16, 9, 4, 6.32103591497679, 27, 1, 4, 4.0, 7, 5, 0, 0, 0, 0, 1, 1]
[6, 3, 5, 22, 6, 6.330324469382776, 35, 0, 1, 6.0, 6, 1, 0, 0, 0, 0, 0, 1]
[19, 7, 14, 12, 4, 6.331957260806217, 25, 2, 2, 6.0, 9, 4, 0, 0, 0, 0, 0, 1]
[22, 2, 11, 18, 3, 6.335265700483092, 39, 2, 2, 5.2, 16, 5, 0, 0, 0, 0, 0, 1]
[28, 3, 6, 16, 4, 6.345009596928983, 39, 3, 6, 4.235294117647059, 9, 17, 0, 0, 0, 0, 0, 1]
[31, 3, 22, 26, 3, 6.347701833769945, 43, 4, 1, 3.3333333333333335, 5, 6, 0, 0, 0, 0, 0, 1]
[19, 3, 13, 20, 4, 6.353959222380275, 33, 1, 1, 2.0, 3, 4, 0, 0, 0, 0, 0, 1]
[22, 5, 16, 16, 3, 6.356603773584905, 33, 1, 1, 4.0, 6, 2, 0, 0, 0, 0, 0, 1]
[5, 3, 4, 12, 6, 6.35924617196702, 9, 0, 0, 0.0, 0, 0, 0, 0, 0, 0, 0, 1]
[3, 8, 3, 11, 6, 6.360169491525424, 4, 0, 0, 2.0, 2, 1, 0, 0, 0, 0, 0, 1]
[34, 5, 20, 16, 3, 6.361046240074732, 54, 2, 4, 3.0, 6, 9, 0, 0, 0, 0, 0, 1]
[26, 6, 15, 10, 4, 6.3565459610027855, 18, 1, 1, 2.3333333333333335, 6, 6, 0, 0, 0, 0, 0, 1]
[9, 6, 8, 17, 4, 6.357887421820709, 15, 0, 1, 3.0, 3, 1, 0, 0, 0, 0, 0, 1]
[6, 1, 6, 16, 6, 6.36294240111034, 22, 0, 1, 4.0, 6, 2, 0, 0, 0, 0, 0, 1]
[21, 7, 17, 14, 3, 6.363259668508287, 28, 0, 0, 0.0, 0, 0, 0, 0, 0, 0, 0, 1]
[9, 0, 3, 14, 4, 6.3659545141281875, 17, 2, 1, 5.666666666666667, 10, 3, 0, 0, 0, 0, 0, 1]
[23, 4, 22, 16, 3, 6.365402193784278, 26, 3, 0, 3.2, 5, 5, 0, 0, 0, 0, 0, 1]
[14, 1, 5, 13, 4, 6.364236902050114, 12, 0, 3, 4.0, 9, 5, 0, 0, 0, 0, 0, 1]
[9, 3, 8, 8, 5, 6.36394635144351, 10, 1, 1, 3.5, 4, 2, 0, 0, 0, 0, 0, 1]
[23, 3, 13, 16, 3, 6.3613749434644955, 17, 3, 0, 4.0, 5, 3, 0, 0, 0, 0, 0, 1]
[6, 3, 4, 14, 4, 6.36449864498645, 18, 2, 0, 6.0, 8, 2, 0, 0, 0, 0, 0, 1]
[5, 1, 5, 12, 6, 6.365441010602301, 5, 0, 0, 2.0, 2, 1, 0, 0, 0, 0, 0, 1]
[27, 3, 18, 16, 3, 6.360313901345291, 22, 2, 3, 3.6666666666666665, 6, 6, 0, 0, 0, 0, 0, 1]
[13, 3, 9, 12, 4, 6.360831656606305, 8, 0, 0, 2.0, 2, 3, 0, 0, 0, 0, 1, 1]
[27, 2, 22, 11, 3, 6.355555555555555, 19, 2, 3, 3.6, 5, 5, 0, 0, 0, 0, 1, 1]
[12, 3, 6, 14, 4, 6.35970744680851, 30, 3, 2, 6.0, 12, 5, 0, 0, 0, 0, 0, 1]
[14, 4, 14, 15, 4, 6.362129916040654, 13, 0, 0, 2.0, 2, 1, 0, 0, 0, 0, 1, 1]
[21, 2, 18, 8, 3, 6.3560589399604135, 9, 1, 1, 3.5, 4, 2, 0, 0, 0, 0, 0, 1]
[13, 2, 9, 16, 4, 6.363157894736842, 33, 2, 2, 5.5, 7, 4, 0, 0, 0, 0, 0, 1]
[28, 2, 18, 15, 4, 6.360723626852659, 34, 3, 1, 4.0, 7, 5, 0, 0, 0, 0, 0, 1]
[5, 3, 5, 7, 5, 6.360113215763118, 2, 1, 1, 3.6666666666666665, 5, 3, 0, 0, 0, 0, 0, 1]
[9, 2, 8, 11, 5, 6.361147327249022, 14, 0, 1, 4.0, 6, 2, 0, 0, 0, 0, 1, 1]
[26, 5, 16, 18, 4, 6.364736387208297, 41, 1, 0, 2.0, 3, 2, 0, 0, 0, 0, 0, 1]
[13, 1, 6, 18, 4, 6.372764490411549, 32, 2, 1, 10.0, 15, 3, 0, 0, 0, 0, 1, 1]
[27, 3, 22, 12, 4, 6.378963153384747, 39, 4, 8, 5.533333333333333, 10, 15, 0, 0, 0, 0, 0, 1]
[27, 4, 18, 20, 3, 6.387220447284345, 70, 2, 1, 6.5, 11, 4, 0, 0, 0, 0, 0, 1]
[8, 3, 6, 11, 5, 6.38826281097172, 9, 0, 0, 2.0, 2, 1, 0, 0, 0, 0, 0, 1]
[32, 5, 24, 20, 3, 6.393875395987329, 64, 5, 2, 5.142857142857143, 8, 7, 0, 0, 0, 0, 0, 1]
[16, 3, 11, 14, 4, 6.3976005051568094, 22, 0, 0, 2.0, 2, 1, 0, 0, 0, 0, 0, 1]
[10, 7, 10, 7, 3, 6.395085066162571, 8, 1, 0, 4.0, 4, 1, 0, 0, 0, 0, 0, 1]
[19, 4, 14, 13, 3, 6.393305439330544, 18, 0, 1, 4.0, 4, 1, 0, 0, 0, 0, 0, 1]
[1, 1, 1, 11, 10, 6.394268981384648, 4, 0, 0, 0.0, 0, 0, 0, 0, 0, 0, 0, 1]
