[113, 11, 96, 20, 1, 5.415730337078652, 150, 19, 17, 5.666666666666667, 18, 45, 0, 0, 0, 0, 0, 1]
[74, 5, 38, 14, 1, 5.420547945205479, 62, 5, 4, 3.1875, 9, 16, 0, 0, 0, 0, 0, 1]
[159, 6, 100, 17, 1, 5.424800077078717, 129, 22, 21, 2.25, 7, 64, 0, 0, 0, 0, 0, 1]
[61, 7, 47, 20, 1, 5.429597701149425, 80, 5, 2, 3.857142857142857, 17, 14, 0, 0, 0, 0, 0, 1]
[68, 6, 52, 14, 1, 5.431195279786829, 35, 2, 0, 2.2, 8, 15, 0, 0, 0, 0, 0, 1]
[12, 0, 7, 10, 4, 5.431178707224334, 11, 0, 1, 3.0, 3, 1, 0, 0, 0, 0, 0, 1]
[32, 8, 20, 10, 1, 5.4310083396512505, 20, 1, 0, 1.75, 3, 4, 0, 0, 0, 0, 0, 1]
[45, 5, 36, 17, 1, 5.431725960177409, 53, 2, 3, 2.090909090909091, 6, 11, 0, 0, 0, 0, 0, 1]
[23, 3, 18, 13, 1, 5.431732580037664, 18, 0, 0, 1.0, 1, 1, 0, 0, 0, 0, 0, 1]
[59, 10, 48, 14, 1, 5.430096450978556, 33, 2, 0, 1.4285714285714286, 3, 14, 0, 0, 0, 0, 0, 1]
[44, 6, 38, 15, 1, 5.429637228387578, 52, 3, 3, 2.642857142857143, 8, 14, 0, 0, 0, 0, 0, 1]
[34, 2, 24, 12, 1, 5.429487775402063, 46, 3, 2, 2.7, 5, 10, 0, 0, 0, 0, 0, 1]
[79, 8, 57, 12, 1, 5.433370247323736, 70, 6, 3, 2.2777777777777777, 5, 18, 0, 0, 0, 0, 0, 1]
[36, 4, 29, 17, 1, 5.433774834437086, 42, 5, 2, 2.7777777777777777, 5, 9, 0, 0, 0, 0, 0, 1]
[45, 5, 36, 12, 1, 5.435101218283411, 20, 4, 3, 4.0, 8, 10, 0, 0, 0, 0, 0, 1]
[58, 4, 41, 12, 1, 5.435990888382688, 40, 4, 5, 2.2777777777777777, 5, 18, 0, 0, 0, 0, 0, 1]
[35, 4, 22, 12, 1, 5.434241598546776, 20, 2, 3, 2.5, 5, 8, 0, 0, 0, 0, 0, 1]
[77, 3, 66, 15, 1, 5.436366916208172, 49, 7, 3, 3.1, 8, 20, 0, 0, 0, 0, 0, 1]
[44, 2, 28, 16, 1, 5.442637678555386, 84, 7, 5, 4.285714285714286, 13, 14, 0, 0, 0, 0, 0, 1]
[66, 6, 48, 17, 1, 5.4497633294632495, 101, 7, 9, 3.260869565217391, 10, 23, 0, 0, 0, 0, 0, 1]
[34, 4, 28, 19, 1, 5.454278336746505, 58, 2, 3, 3.6363636363636362, 10, 11, 0, 0, 0, 0, 0, 1]
[42, 3, 37, 19, 1, 5.4589727667879, 88, 5, 8, 5.285714285714286, 11, 14, 0, 0, 0, 0, 0, 1]
[76, 2, 46, 12, 1, 5.4625077099303905, 70, 8, 3, 5.230769230769231, 10, 13, 0, 0, 0, 0, 0, 1]
[38, 6, 32, 19, 1, 5.463511021340125, 55, 3, 3, 3.142857142857143, 8, 7, 0, 0, 0, 0, 0, 1]
[32, 5, 26, 15, 1, 5.468955250021893, 33, 3, 3, 6.375, 11, 8, 0, 0, 0, 0, 0, 1]
[35, 0, 30, 20, 1, 5.466911122751877, 26, 3, 3, 2.5, 8, 8, 0, 0, 0, 0, 0, 1]
[77, 4, 56, 18, 1, 5.480617465961322, 185, 10, 12, 5.769230769230769, 11, 26, 0, 0, 0, 0, 0, 1]
[53, 4, 37, 23, 1, 5.489813535911602, 100, 5, 8, 4.666666666666667, 16, 21, 0, 0, 0, 0, 0, 1]
[117, 2, 98, 19, 1, 5.496880608495, 77, 10, 10, 3.1875, 11, 48, 0, 0, 0, 0, 0, 1]
[64, 7, 42, 15, 1, 5.4998725031874205, 42, 8, 3, 3.8823529411764706, 10, 17, 0, 0, 0, 0, 0, 1]
[170, 9, 133, 18, 1, 5.525932132383745, 286, 26, 24, 6.112903225806452, 15, 62, 0, 0, 0, 0, 0, 1]
[72, 4, 55, 15, 1, 5.530357291579912, 68, 9, 3, 2.875, 9, 24, 0, 0, 0, 0, 0, 1]
[51, 3, 47, 15, 1, 5.531265549842428, 41, 3, 1, 4.25, 12, 8, 0, 0, 0, 0, 0, 1]
[112, 5, 80, 17, 1, 5.540016433853738, 109, 13, 11, 2.8846153846153846, 8, 52, 0, 0, 0, 0, 0, 1]
[58, 11, 42, 19, 1, 5.546859666339548, 121, 6, 5, 7.2, 16, 15, 0, 0, 0, 0, 0, 1]
[95, 3, 81, 12, 1, 5.547188184695285, 35, 7, 5, 2.257142857142857, 9, 35, 0, 0, 0, 0, 0, 1]
[86, 7, 74, 15, 1, 5.548714642598115, 91, 6, 7, 2.761904761904762, 8, 21, 0, 0, 0, 0, 0, 1]
[31, 4, 26, 12, 1, 5.54855305466238, 28, 1, 1, 2.8333333333333335, 5, 6, 0, 0, 0, 0, 0, 1]
[50, 3, 41, 12, 1, 5.5467574059247395, 21, 4, 2, 2.5, 4, 12, 0, 0, 0, 0, 0, 1]
[66, 5, 50, 17, 1, 5.5485823510672185, 97, 7, 6, 2.769230769230769, 10, 26, 0, 0, 0, 0, 0, 1]
[41, 8, 41, 11, 1, 5.5460824005715645, 15, 2, 1, 2.4, 5, 5, 0, 0, 0, 0, 0, 1]
[59, 1, 26, 16, 1, 5.547092288242731, 43, 3, 13, 3.2916666666666665, 6, 24, 0, 0, 0, 0, 0, 1]
[54, 9, 36, 25, 1, 5.547678992918962, 44, 2, 3, 2.25, 8, 12, 0, 0, 0, 0, 0, 1]
[27, 3, 22, 11, 1, 5.54714610975897, 9, 1, 1, 2.0, 3, 5, 0, 0, 0, 0, 0, 1]
[41, 3, 32, 20, 1, 5.54914697135702, 57, 4, 3, 2.5833333333333335, 4, 12, 0, 0, 0, 0, 0, 1]
[38, 6, 35, 19, 1, 5.551810237203496, 63, 2, 2, 4.166666666666667, 8, 6, 0, 0, 0, 0, 0, 1]
[51, 4, 42, 19, 1, 5.554985622134142, 61, 3, 4, 3.0625, 8, 16, 0, 0, 0, 0, 0, 1]
[31, 0, 28, 12, 1, 5.552566289347186, 18, 1, 1, 1.75, 3, 4, 0, 0, 0, 0, 0, 1]
[30, 1, 25, 27, 1, 5.555383663366337, 45, 1, 0, 19.0, 19, 1, 0, 0, 0, 0, 0, 1]
[89, 3, 74, 15, 1, 5.555120227394945, 47, 7, 9, 3.375, 8, 24, 0, 0, 0, 0, 0, 1]
[62, 3, 55, 20, 1, 5.563728113770166, 133, 12, 10, 8.916666666666666, 15, 24, 0, 0, 0, 0, 0, 1]
[121, 5, 117, 15, 1, 5.57719696969697, 201, 22, 27, 4.609375, 10, 64, 0, 0, 0, 0, 0, 1]
[38, 4, 34, 17, 1, 5.577277534370751, 42, 6, 2, 3.1, 8, 10, 0, 0, 0, 0, 0, 1]
[37, 4, 30, 20, 1, 5.578305084745763, 42, 3, 2, 7.555555555555555, 15, 9, 0, 0, 0, 0, 0, 1]
[53, 2, 44, 20, 1, 5.580132052821129, 82, 5, 7, 5.75, 18, 20, 0, 0, 0, 0, 0, 1]
[45, 8, 38, 15, 1, 5.581245793763554, 43, 2, 2, 1.9090909090909092, 8, 11, 0, 0, 0, 0, 0, 1]
[27, 3, 22, 20, 1, 5.5827611940298505, 37, 2, 2, 4.8, 9, 5, 0, 0, 0, 0, 0, 1]
[28, 5, 24, 20, 1, 5.582886505808758, 26, 1, 0, 1.6666666666666667, 3, 3, 0, 0, 0, 0, 0, 1]
[39, 2, 26, 9, 1, 5.582238063414272, 44, 1, 1, 1.75, 3, 8, 0, 0, 0, 0, 0, 1]
[36, 1, 25, 17, 1, 5.580907946382285, 36, 1, 2, 2.0, 3, 4, 0, 0, 0, 0, 0, 1]
[47, 4, 41, 10, 1, 5.580442804428044, 37, 4, 0, 2.4166666666666665, 6, 12, 0, 0, 0, 0, 0, 1]
[35, 5, 25, 10, 1, 5.57960986382039, 24, 5, 4, 3.727272727272727, 6, 11, 0, 0, 0, 0, 0, 1]
[64, 8, 48, 15, 1, 5.577258407209319, 41, 2, 3, 2.875, 8, 8, 0, 0, 0, 0, 0, 1]
[29, 6, 25, 8, 1, 5.574937856411756, 11, 2, 2, 1.5714285714285714, 4, 7, 0, 0, 0, 0, 0, 1]
[23, 4, 19, 7, 1, 5.5723669805123714, 12, 1, 1, 3.0, 3, 2, 0, 0, 0, 0, 0, 1]
[57, 1, 45, 17, 1, 5.570068323884286, 42, 2, 4, 2.5555555555555554, 6, 9, 0, 0, 0, 0, 0, 1]
[30, 5, 23, 9, 1, 5.56940818102698, 15, 1, 1, 1.75, 3, 4, 0, 0, 0, 0, 0, 1]
[45, 4, 32, 13, 1, 5.567194390226271, 32, 6, 8, 3.388888888888889, 10, 18, 0, 0, 0, 0, 0, 1]
[39, 4, 32, 15, 1, 5.567474048442906, 51, 2, 2, 2.875, 8, 8, 0, 0, 0, 0, 0, 1]
[41, 8, 36, 12, 1, 5.565873643355135, 37, 3, 3, 2.3333333333333335, 3, 9, 0, 0, 0, 0, 0, 1]
[71, 5, 58, 13, 1, 5.561427345537758, 34, 2, 3, 2.6923076923076925, 8, 13, 0, 0, 0, 0, 0, 1]
[33, 7, 26, 17, 1, 5.560604979667547, 34, 0, 2, 1.6, 3, 5, 0, 0, 0, 0, 0, 1]
[47, 3, 40, 9, 1, 5.556811717861206, 11, 1, 2, 1.6666666666666667, 3, 9, 0, 0, 0, 0, 0, 1]
[33, 3, 30, 9, 1, 5.554373270908704, 12, 0, 1, 1.75, 4, 4, 0, 0, 0, 0, 0, 1]
[17, 0, 13, 14, 1, 5.555831089698172, 28, 1, 0, 8.0, 8, 1, 0, 0, 0, 0, 0, 1]
[45, 3, 40, 15, 1, 5.555194575888128, 28, 6, 2, 3.090909090909091, 8, 11, 0, 0, 0, 0, 0, 1]
[35, 4, 32, 9, 1, 5.553473298576863, 21, 2, 0, 1.8, 3, 5, 0, 0, 0, 0, 0, 1]
[38, 4, 37, 10, 1, 5.550590219224283, 17, 1, 3, 3.1666666666666665, 6, 6, 0, 0, 0, 0, 0, 1]
[27, 2, 26, 17, 1, 5.54947752296795, 35, 1, 2, 2.0, 3, 5, 0, 0, 0, 0, 0, 1]
[3, 0, 3, 9, 1, 5.549642406394615, 10, 0, 0, 0.0, 0, 0, 0, 0, 0, 0, 0, 1]
