[11, 1, 5, 16, 4, 6.133495145631068, 27, 3, 2, 5.6, 11, 5, 0, 0, 0, 0, 0, 1]
[21, 4, 12, 8, 3, 6.128184499865916, 14, 1, 1, 3.0, 3, 2, 0, 0, 0, 0, 0, 1]
[6, 4, 1, 16, 4, 6.132530120481928, 21, 0, 1, 6.0, 6, 1, 0, 0, 0, 0, 0, 1]
[49, 4, 15, 14, 3, 6.16014799154334, 129, 10, 14, 3.5454545454545454, 10, 33, 0, 0, 0, 0, 0, 1]
[15, 2, 11, 11, 3, 6.161358252171624, 13, 1, 1, 7.0, 9, 2, 0, 0, 0, 0, 0, 1]
[111, 2, 64, 16, 3, 6.2322250639386185, 366, 38, 38, 6.159090909090909, 14, 88, 0, 0, 0, 0, 0, 1]
[50, 6, 37, 13, 3, 6.228535353535354, 69, 6, 5, 3.7058823529411766, 10, 17, 0, 0, 0, 0, 0, 1]
[4, 2, 1, 13, 4, 6.231079717457114, 12, 1, 1, 8.5, 11, 2, 0, 0, 0, 0, 0, 1]
[29, 6, 21, 14, 4, 6.239669421487603, 64, 0, 2, 2.5, 3, 4, 0, 0, 0, 0, 0, 1]
[4, 2, 4, 9, 4, 6.240430322742056, 5, 0, 0, 0.0, 0, 0, 0, 0, 0, 0, 0, 1]
[112, 5, 28, 21, 3, 6.260890727670966, 154, 9, 3, 2.05, 7, 20, 0, 0, 0, 0, 0, 1]
[12, 5, 4, 16, 4, 6.265712205775297, 29, 2, 2, 6.75, 8, 4, 0, 0, 0, 0, 0, 1]
[24, 3, 17, 18, 3, 6.273823884197829, 65, 1, 2, 4.0, 6, 4, 0, 0, 0, 0, 0, 1]
[18, 0, 10, 12, 3, 6.278885419168868, 36, 1, 1, 4.5, 6, 2, 0, 0, 0, 0, 0, 1]
[3, 4, 3, 16, 5, 6.28276524243879, 18, 0, 1, 6.0, 6, 1, 0, 0, 0, 0, 0, 1]
[31, 7, 21, 15, 3, 6.297116988324994, 94, 1, 2, 6.5, 8, 4, 0, 0, 0, 0, 0, 1]
[11, 2, 4, 13, 5, 6.297766159695818, 14, 2, 2, 5.25, 8, 4, 0, 0, 0, 0, 0, 1]
[9, 4, 5, 16, 5, 6.302347640502727, 25, 1, 1, 3.5, 4, 2, 0, 0, 0, 0, 0, 1]
[26, 8, 16, 9, 3, 6.298373792128211, 24, 0, 1, 3.5, 6, 2, 0, 0, 0, 0, 1, 1]
[5, 3, 2, 10, 6, 6.3008474576271185, 13, 0, 1, 6.0, 6, 1, 0, 0, 0, 0, 0, 1]
[27, 3, 21, 16, 3, 6.3092397660818715, 71, 2, 2, 3.3333333333333335, 7, 6, 0, 0, 0, 0, 0, 1]
[2, 1, 1, 6, 6, 6.30909516015899, 0, 0, 0, 0.0, 0, 0, 0, 0, 0, 0, 0, 1]
[5, 6, 5, 9, 4, 6.308500700607193, 2, 0, 0, 2.0, 2, 1, 0, 0, 0, 0, 0, 1]
[23, 3, 19, 15, 3, 6.308478513356562, 33, 2, 2, 5.666666666666667, 11, 6, 0, 0, 0, 0, 0, 1]
[12, 3, 7, 15, 4, 6.310632383599722, 24, 1, 1, 4.0, 6, 3, 0, 0, 0, 0, 0, 1]
[11, 4, 8, 14, 3, 6.313308687615526, 25, 0, 1, 2.5, 3, 2, 0, 0, 0, 0, 0, 1]
[5, 4, 5, 9, 4, 6.313177936764366, 4, 0, 1, 2.0, 2, 2, 0, 0, 0, 0, 0, 1]
[24, 3, 13, 12, 3, 6.310993803075511, 22, 2, 2, 3.25, 4, 4, 0, 0, 0, 0, 0, 1]
[5, 0, 4, 16, 6, 6.316597890875745, 27, 2, 0, 7.5, 11, 2, 0, 0, 0, 0, 0, 1]
[33, 4, 22, 11, 3, 6.313310580204778, 29, 0, 1, 2.25, 3, 4, 0, 0, 0, 0, 0, 1]
[13, 0, 2, 11, 4, 6.31510889292196, 18, 0, 2, 4.0, 4, 2, 0, 0, 0, 0, 0, 1]
[23, 0, 11, 14, 4, 6.317309862333559, 22, 1, 0, 2.25, 5, 4, 0, 0, 0, 0, 0, 1]
[305, 1, 76, 17, 3, 6.250422297297297, 167, 9, 8, 2.85, 9, 20, 0, 0, 0, 0, 0, 1]
[19, 2, 8, 10, 3, 6.249211356466877, 13, 2, 2, 1.2, 2, 5, 0, 0, 0, 0, 0, 1]
[74, 1, 40, 20, 3, 6.258645682335887, 93, 6, 4, 2.8823529411764706, 12, 17, 0, 0, 0, 0, 0, 1]
[16, 7, 12, 12, 3, 6.260061919504644, 26, 0, 1, 2.6666666666666665, 6, 3, 0, 0, 0, 0, 0, 1]
[19, 2, 13, 17, 3, 6.2602796052631575, 22, 1, 1, 3.0, 5, 3, 0, 0, 0, 0, 0, 1]
[17, 2, 12, 15, 3, 6.265519360786724, 35, 1, 4, 5.2, 9, 5, 0, 0, 0, 0, 0, 1]
[4, 0, 3, 14, 6, 6.268577277379734, 14, 0, 0, 0.0, 0, 0, 0, 0, 0, 0, 0, 1]
[27, 6, 16, 19, 3, 6.2689332247557, 21, 2, 0, 4.666666666666667, 6, 3, 0, 0, 0, 0, 0, 1]
[5, 6, 4, 16, 6, 6.274964409192597, 28, 1, 0, 4.0, 4, 1, 0, 0, 0, 0, 0, 1]
[9, 3, 5, 9, 4, 6.27446203816484, 2, 0, 0, 1.5, 2, 2, 0, 0, 0, 0, 0, 1]
[22, 5, 16, 9, 3, 6.271827000808408, 21, 0, 1, 2.0, 3, 2, 0, 0, 0, 0, 0, 1]
[9, 1, 2, 16, 5, 6.277183780512407, 31, 0, 3, 5.666666666666667, 10, 3, 0, 0, 0, 0, 1, 1]
[12, 4, 11, 16, 3, 6.27913060978064, 20, 0, 0, 2.0, 2, 1, 0, 0, 0, 0, 0, 1]
[3, 3, 2, 11, 5, 6.2797666934835075, 2, 1, 0, 4.0, 4, 1, 0, 0, 0, 0, 0, 1]
[7, 2, 5, 20, 4, 6.286202048604137, 35, 1, 0, 4.0, 4, 1, 0, 0, 0, 0, 0, 1]
[30, 6, 21, 20, 3, 6.28848073467758, 47, 1, 3, 5.5, 9, 4, 0, 0, 0, 0, 0, 1]
[7, 1, 2, 9, 4, 6.288676236044657, 8, 2, 1, 5.333333333333333, 7, 3, 0, 0, 0, 0, 0, 1]
[10, 3, 8, 16, 4, 6.290688420214883, 21, 0, 2, 4.5, 6, 2, 0, 0, 0, 0, 0, 1]
[28, 4, 24, 13, 3, 6.289077958053027, 26, 2, 3, 5.2, 9, 5, 0, 0, 0, 0, 0, 1]
[3, 1, 2, 9, 4, 6.288906466284359, 2, 0, 0, 0.0, 0, 0, 0, 0, 0, 0, 0, 1]
[14, 5, 9, 12, 3, 6.288700453559456, 7, 0, 0, 3.0, 6, 3, 0, 0, 0, 0, 0, 1]
[16, 7, 11, 16, 3, 6.290741104776882, 28, 2, 0, 4.333333333333333, 8, 3, 0, 0, 0, 0, 0, 1]
[5, 4, 3, 6, 5, 6.290062843676355, 0, 1, 1, 3.3333333333333335, 4, 3, 0, 0, 0, 0, 0, 1]
[49, 6, 27, 15, 3, 6.2944952343901965, 47, 3, 1, 3.5, 12, 10, 0, 0, 0, 0, 0, 1]
[9, 4, 3, 9, 4, 6.294368932038835, 2, 0, 2, 4.5, 5, 2, 0, 0, 0, 0, 0, 1]
[10, 4, 7, 7, 4, 6.2936046511627906, 5, 0, 0, 2.5, 3, 2, 0, 0, 0, 0, 1, 1]
[15, 2, 13, 16, 3, 6.297584541062802, 33, 2, 0, 7.5, 11, 2, 0, 0, 0, 0, 0, 1]
[7, 2, 4, 8, 4, 6.296989579313006, 3, 0, 0, 2.0, 2, 1, 0, 0, 0, 0, 0, 1]
[34, 5, 25, 10, 3, 6.295628834355829, 52, 2, 1, 4.0, 6, 4, 0, 0, 0, 0, 0, 1]
[7, 4, 7, 14, 5, 6.296955772544514, 11, 0, 0, 2.0, 2, 1, 0, 0, 0, 0, 0, 1]
[33, 8, 24, 21, 3, 6.293759512937595, 30, 4, 0, 5.25, 11, 4, 0, 0, 0, 0, 0, 1]
[3, 6, 3, 8, 6, 6.293972238068074, 4, 0, 0, 0.0, 0, 0, 0, 0, 0, 0, 0, 1]
[26, 7, 17, 16, 3, 6.299337748344371, 41, 3, 3, 7.0, 13, 6, 0, 0, 0, 0, 0, 1]
[13, 7, 11, 20, 3, 6.298603246508116, 18, 1, 1, 3.0, 3, 2, 0, 0, 0, 0, 0, 1]
[15, 1, 9, 14, 3, 6.300583474496518, 26, 0, 2, 4.0, 7, 3, 0, 0, 0, 0, 0, 1]
[16, 3, 9, 11, 3, 6.299868643272659, 11, 0, 2, 5.5, 7, 2, 0, 0, 0, 0, 0, 1]
[12, 1, 12, 10, 3, 6.299943830743307, 17, 1, 1, 5.5, 8, 2, 0, 0, 0, 0, 0, 1]
[22, 3, 17, 16, 3, 6.304120827894835, 41, 2, 2, 4.8, 10, 5, 0, 0, 0, 0, 0, 1]
[7, 2, 6, 9, 4, 6.302607076350093, 3, 1, 1, 2.6666666666666665, 4, 3, 0, 0, 0, 0, 0, 1]
[21, 3, 16, 10, 3, 6.304396215915415, 31, 0, 1, 3.0, 6, 4, 0, 0, 0, 0, 0, 1]
[21, 3, 14, 16, 3, 6.308388765705839, 47, 1, 2, 7.0, 10, 3, 0, 0, 0, 0, 0, 1]
[11, 5, 6, 16, 4, 6.309607228471326, 22, 1, 3, 3.8333333333333335, 13, 6, 0, 0, 0, 0, 0, 1]
[28, 3, 21, 14, 4, 6.31095211887727, 38, 3, 0, 4.8, 9, 5, 0, 0, 0, 0, 0, 1]
[26, 1, 13, 11, 6, 6.313310206317327, 6, 0, 0, 1.0, 1, 5, 0, 0, 0, 0, 0, 1]
[15, 3, 10, 16, 4, 6.318827385287691, 42, 3, 2, 4.666666666666667, 9, 6, 0, 0, 0, 0, 0, 1]
[20, 3, 15, 11, 3, 6.314767779390421, 21, 1, 1, 7.0, 8, 2, 0, 0, 0, 0, 0, 1]
[7, 2, 5, 9, 4, 6.314368545026273, 4, 1, 0, 6.0, 6, 1, 0, 0, 0, 0, 0, 1]
[18, 5, 14, 15, 3, 6.318764674011198, 43, 1, 0, 5.0, 5, 1, 0, 0, 0, 0, 0, 1]
