[12, 5, 4, 11, 3, 6.177147391390597, 5, 0, 0, 1.0, 1, 1, 0, 0, 0, 0, 0, 1]
[26, 3, 18, 9, 3, 6.177422537990922, 20, 3, 2, 3.5, 6, 6, 0, 0, 0, 0, 0, 1]
[18, 4, 9, 21, 3, 6.180530973451328, 34, 0, 0, 1.5, 2, 2, 0, 0, 0, 0, 0, 1]
[27, 6, 19, 20, 3, 6.186619718309859, 47, 1, 1, 3.6666666666666665, 5, 3, 0, 0, 0, 0, 1, 1]
[15, 5, 8, 15, 3, 6.190364735712892, 26, 1, 1, 8.0, 13, 2, 0, 0, 0, 0, 0, 1]
[28, 2, 22, 16, 3, 6.193986420950534, 50, 4, 2, 5.375, 14, 8, 0, 0, 0, 0, 0, 1]
[9, 2, 5, 10, 5, 6.1950038729666925, 11, 0, 0, 6.0, 6, 1, 0, 0, 0, 0, 0, 1]
[47, 6, 19, 20, 3, 6.214162348877375, 93, 11, 3, 5.466666666666667, 12, 15, 0, 0, 0, 0, 0, 1]
[9, 4, 7, 14, 5, 6.215708812260536, 15, 0, 0, 0.0, 0, 0, 0, 0, 0, 0, 1, 1]
[9, 3, 5, 12, 3, 6.2162937464142285, 7, 0, 0, 0.0, 0, 0, 0, 0, 0, 0, 1, 1]
[17, 3, 10, 10, 4, 6.215974075486085, 14, 1, 3, 3.6, 5, 5, 0, 0, 0, 0, 0, 1]
[15, 3, 6, 16, 5, 6.2223911803839576, 43, 2, 1, 5.75, 9, 4, 0, 0, 0, 0, 0, 1]
[28, 4, 16, 12, 3, 6.21970126678011, 27, 1, 1, 2.3333333333333335, 3, 3, 0, 0, 0, 0, 0, 1]
[8, 6, 8, 8, 4, 6.219558240513498, 7, 1, 1, 5.0, 6, 2, 0, 0, 0, 0, 0, 1]
[70, 2, 25, 23, 3, 6.2448295136948015, 171, 10, 17, 6.9393939393939394, 21, 33, 0, 0, 0, 0, 0, 1]
[22, 2, 11, 17, 4, 6.25719057339024, 64, 4, 2, 5.714285714285714, 8, 7, 0, 0, 0, 0, 0, 1]
[5, 3, 2, 11, 6, 6.258620689655173, 6, 0, 1, 5.0, 5, 1, 0, 0, 0, 0, 0, 1]
[24, 4, 17, 16, 3, 6.25968992248062, 42, 2, 2, 5.2, 13, 5, 0, 0, 0, 0, 0, 1]
[10, 2, 6, 14, 5, 6.2619749447310245, 10, 2, 1, 8.0, 10, 3, 0, 0, 0, 0, 0, 1]
[28, 3, 18, 13, 3, 6.262280058651027, 32, 3, 1, 2.5, 7, 4, 0, 0, 0, 0, 1, 1]
[7, 4, 5, 14, 5, 6.264506681310635, 14, 0, 0, 2.5, 3, 2, 0, 0, 0, 0, 0, 1]
[8, 6, 7, 9, 4, 6.265033814659112, 8, 2, 1, 4.666666666666667, 7, 3, 0, 0, 0, 0, 0, 1]
[33, 1, 23, 9, 3, 6.2589026162790695, 19, 3, 2, 1.4285714285714286, 2, 7, 0, 0, 0, 0, 1, 1]
[9, 4, 6, 10, 5, 6.259024124795937, 2, 1, 1, 3.5, 4, 2, 0, 0, 0, 0, 0, 1]
[17, 7, 9, 16, 4, 6.2623869801084995, 29, 1, 2, 4.333333333333333, 5, 3, 0, 0, 0, 0, 0, 1]
[39, 1, 21, 15, 3, 6.264859041120489, 53, 2, 2, 3.0, 6, 9, 0, 0, 0, 0, 0, 1]
[16, 6, 15, 9, 4, 6.261951656222023, 0, 2, 2, 2.7142857142857144, 7, 7, 0, 0, 0, 0, 0, 1]
[35, 5, 21, 16, 3, 6.261743772241993, 44, 2, 1, 2.142857142857143, 6, 7, 0, 0, 0, 0, 0, 1]
[9, 10, 6, 11, 4, 6.261325279801031, 3, 2, 1, 6.0, 9, 3, 0, 0, 0, 0, 0, 1]
[18, 2, 6, 13, 4, 6.263325659642288, 17, 4, 2, 5.666666666666667, 11, 6, 0, 0, 0, 0, 0, 1]
[23, 4, 18, 16, 3, 6.264021164021164, 34, 0, 1, 1.6666666666666667, 3, 3, 0, 0, 0, 0, 0, 1]
[10, 3, 6, 13, 4, 6.267957746478873, 23, 0, 0, 2.0, 2, 1, 0, 0, 0, 0, 0, 1]
[15, 2, 10, 11, 3, 6.267427568042142, 10, 3, 1, 4.5, 9, 4, 0, 0, 0, 0, 1, 1]
[21, 8, 15, 14, 3, 6.269769069279216, 30, 1, 0, 4.0, 4, 1, 0, 0, 0, 0, 2, 1]
[21, 5, 12, 20, 3, 6.272790657137877, 30, 1, 1, 4.333333333333333, 7, 3, 0, 0, 0, 0, 0, 1]
[24, 6, 18, 12, 3, 6.269744835965978, 18, 2, 1, 3.0, 5, 4, 0, 0, 0, 0, 0, 1]
[13, 3, 10, 16, 3, 6.273120886733634, 30, 1, 0, 3.0, 4, 2, 0, 0, 0, 0, 0, 1]
[26, 2, 17, 14, 3, 6.271551724137931, 17, 2, 4, 4.428571428571429, 6, 7, 0, 0, 0, 0, 0, 1]
[8, 8, 6, 18, 6, 6.275826446280992, 20, 1, 0, 10.0, 10, 1, 0, 0, 0, 0, 1, 1]
[28, 4, 13, 21, 3, 6.287011651816313, 83, 1, 1, 2.5, 7, 8, 0, 0, 0, 0, 0, 1]
[30, 8, 22, 12, 3, 6.285373337879305, 41, 0, 1, 3.0, 3, 1, 0, 0, 0, 0, 0, 1]
[10, 1, 7, 10, 3, 6.286589516678013, 19, 1, 0, 8.0, 8, 1, 0, 0, 0, 0, 0, 1]
[23, 3, 17, 16, 3, 6.288014917782675, 36, 2, 0, 6.0, 13, 3, 0, 0, 0, 0, 0, 1]
[15, 6, 8, 13, 3, 6.288129861345959, 29, 3, 3, 4.5, 9, 6, 0, 0, 0, 0, 0, 1]
[22, 2, 17, 11, 3, 6.288072776280323, 22, 2, 2, 4.0, 5, 5, 0, 0, 0, 0, 1, 1]
[11, 2, 7, 15, 4, 6.2905666722717335, 21, 1, 2, 4.666666666666667, 6, 3, 0, 0, 0, 0, 0, 1]
[8, 3, 7, 8, 3, 6.2891687657430735, 4, 0, 0, 0.0, 0, 0, 0, 0, 0, 0, 0, 1]
[25, 3, 16, 18, 3, 6.29113712374582, 34, 2, 3, 6.166666666666667, 14, 6, 0, 0, 0, 0, 1, 1]
[15, 3, 6, 16, 5, 6.294745621351126, 29, 3, 1, 6.0, 9, 5, 0, 0, 0, 0, 0, 1]
[21, 3, 14, 12, 3, 6.292885638297872, 24, 0, 1, 3.0, 3, 1, 0, 0, 0, 0, 0, 1]
[14, 0, 7, 18, 4, 6.2970149253731345, 27, 0, 5, 3.8, 8, 5, 0, 0, 0, 0, 1, 1]
[42, 4, 15, 16, 3, 6.294795783926219, 22, 3, 2, 2.642857142857143, 10, 14, 0, 0, 0, 0, 0, 1]
[57, 3, 23, 14, 3, 6.293522597487355, 40, 2, 4, 3.6923076923076925, 11, 13, 0, 0, 0, 0, 0, 1]
[3, 2, 3, 7, 4, 6.293215916503588, 3, 0, 0, 0.0, 0, 0, 0, 0, 0, 0, 0, 1]
[21, 2, 13, 12, 3, 6.291890134893547, 22, 1, 1, 4.666666666666667, 10, 3, 0, 0, 0, 0, 0, 1]
[17, 0, 8, 16, 4, 6.291896272285252, 18, 1, 2, 2.75, 4, 4, 0, 0, 0, 0, 0, 1]
[10, 3, 10, 14, 5, 6.294174757281553, 20, 1, 1, 7.5, 10, 2, 0, 0, 0, 0, 0, 1]
[36, 3, 21, 13, 3, 6.296171171171171, 54, 1, 3, 1.8333333333333333, 3, 6, 0, 0, 0, 0, 0, 1]
[13, 5, 10, 14, 4, 6.295713597688232, 11, 1, 1, 2.3333333333333335, 3, 3, 0, 0, 0, 0, 1, 1]
[11, 3, 7, 12, 4, 6.295512820512821, 7, 0, 1, 4.0, 4, 1, 0, 0, 0, 0, 0, 1]
[36, 3, 26, 14, 3, 6.291586998087954, 18, 2, 4, 4.0, 9, 7, 0, 0, 0, 0, 0, 1]
[21, 3, 13, 16, 3, 6.292520247737017, 35, 3, 1, 3.142857142857143, 5, 7, 0, 0, 0, 0, 0, 1]
[31, 2, 27, 11, 3, 6.292351453855878, 39, 2, 3, 2.8333333333333335, 6, 6, 0, 0, 0, 0, 0, 1]
[9, 1, 5, 7, 5, 6.292094050812687, 9, 1, 1, 4.0, 4, 2, 0, 0, 0, 0, 0, 1]
[13, 3, 11, 14, 3, 6.292283464566929, 16, 0, 0, 0.0, 0, 0, 0, 0, 0, 0, 1, 1]
[24, 0, 18, 12, 3, 6.290398493881393, 22, 1, 2, 2.0, 3, 6, 0, 0, 0, 0, 0, 1]
[7, 5, 3, 12, 3, 6.291020216267043, 9, 0, 0, 1.0, 1, 1, 0, 0, 0, 0, 0, 1]
[10, 6, 8, 12, 4, 6.291034266937881, 8, 0, 0, 0.0, 0, 0, 0, 0, 0, 0, 0, 1]
[22, 5, 16, 16, 3, 6.294713862466864, 50, 1, 3, 6.0, 13, 4, 0, 0, 0, 0, 0, 1]
[11, 2, 11, 11, 4, 6.295454545454546, 8, 1, 0, 2.5, 4, 2, 0, 0, 0, 0, 0, 1]
[9, 1, 9, 16, 4, 6.2970620239390644, 23, 1, 2, 7.666666666666667, 14, 3, 0, 0, 0, 0, 0, 1]
[8, 2, 4, 14, 3, 6.297158826269213, 12, 0, 0, 1.0, 1, 1, 0, 0, 0, 0, 0, 1]
[17, 6, 13, 12, 3, 6.295912047073397, 16, 0, 0, 2.0, 2, 1, 0, 0, 0, 0, 0, 1]
[16, 4, 15, 16, 4, 6.302131603336423, 49, 3, 4, 7.571428571428571, 13, 7, 0, 0, 0, 0, 1, 1]
[18, 2, 17, 11, 3, 6.3002156500308075, 14, 1, 1, 2.0, 3, 2, 0, 0, 0, 0, 0, 1]
[8, 5, 4, 10, 3, 6.299076923076923, 6, 1, 0, 8.0, 8, 1, 0, 0, 0, 0, 0, 1]
[19, 0, 16, 14, 4, 6.300966405890474, 33, 0, 0, 2.0, 2, 1, 0, 0, 0, 0, 0, 1]
[6, 3, 4, 11, 5, 6.300842911877394, 5, 0, 0, 0.0, 0, 0, 0, 0, 0, 0, 0, 1]
[9, 4, 9, 13, 4, 6.302112029384757, 9, 0, 0, 0.0, 0, 0, 0, 0, 0, 0, 1, 1]
[17, 3, 15, 16, 3, 6.304381010532743, 36, 1, 1, 3.5, 4, 2, 0, 0, 0, 0, 0, 1]
