[23, 8, 13, 9, 3, 6.195836873406967, 24, 1, 2, 4.333333333333333, 6, 3, 0, 0, 0, 0, 0, 1]
[7, 2, 3, 10, 4, 6.19575821845175, 10, 0, 1, 4.5, 8, 2, 0, 0, 0, 0, 0, 1]
[31, 5, 21, 14, 3, 6.193636746734092, 30, 4, 4, 4.555555555555555, 8, 9, 0, 0, 0, 0, 0, 1]
[12, 4, 10, 17, 4, 6.19714165615805, 24, 2, 1, 4.5, 7, 4, 0, 0, 0, 0, 0, 1]
[12, 6, 10, 11, 3, 6.195387840670859, 11, 1, 0, 8.0, 8, 1, 0, 0, 0, 0, 0, 1]
[24, 7, 17, 15, 3, 6.193783896537338, 21, 2, 1, 4.6, 8, 5, 0, 0, 0, 0, 0, 1]
[37, 3, 26, 13, 3, 6.191885737942455, 47, 4, 6, 5.2, 9, 10, 0, 0, 0, 0, 0, 1]
[10, 1, 7, 15, 4, 6.193555050609378, 16, 1, 2, 6.75, 13, 4, 0, 0, 0, 0, 0, 1]
[23, 4, 18, 16, 4, 6.200863486842105, 62, 1, 3, 4.0, 8, 5, 0, 0, 0, 0, 0, 1]
[25, 6, 18, 16, 3, 6.205563509920229, 48, 1, 3, 3.6, 6, 5, 0, 0, 0, 0, 1, 1]
[16, 3, 11, 11, 3, 6.202650356778797, 9, 1, 1, 4.5, 6, 2, 0, 0, 0, 0, 0, 1]
[19, 4, 11, 12, 3, 6.207757920389927, 48, 3, 1, 3.0, 6, 4, 0, 0, 0, 0, 0, 1]
[11, 3, 9, 10, 4, 6.207700101317123, 7, 1, 0, 4.5, 7, 2, 0, 0, 0, 0, 0, 1]
[12, 4, 10, 8, 3, 6.205376996159289, 7, 0, 0, 0.0, 0, 0, 0, 0, 0, 0, 0, 1]
[18, 4, 14, 16, 3, 6.20503524672709, 20, 1, 1, 3.3333333333333335, 6, 3, 0, 0, 0, 0, 0, 1]
[15, 4, 9, 10, 3, 6.203815261044177, 15, 2, 0, 6.0, 6, 2, 0, 0, 0, 0, 0, 1]
[21, 6, 11, 13, 3, 6.206558688262348, 23, 1, 2, 8.0, 11, 3, 0, 0, 0, 0, 0, 1]
[7, 2, 4, 11, 4, 6.206869009584665, 8, 0, 0, 0.0, 0, 0, 0, 0, 0, 0, 0, 1]
[23, 5, 18, 10, 3, 6.205326972768833, 19, 3, 2, 6.2, 7, 5, 0, 0, 0, 0, 0, 1]
[24, 6, 17, 15, 4, 6.208902077151335, 39, 1, 5, 5.714285714285714, 11, 7, 0, 0, 0, 0, 0, 1]
[22, 6, 21, 20, 3, 6.2131179830608625, 48, 3, 1, 7.25, 10, 4, 0, 0, 0, 0, 0, 1]
[19, 8, 17, 16, 3, 6.221153846153846, 49, 0, 2, 5.666666666666667, 9, 3, 0, 0, 0, 0, 0, 1]
[13, 3, 8, 19, 3, 6.221374045801527, 15, 1, 0, 10.0, 10, 1, 0, 0, 0, 0, 0, 1]
[16, 3, 11, 17, 4, 6.224780487804878, 21, 1, 1, 5.0, 6, 2, 0, 0, 0, 0, 0, 1]
[8, 3, 5, 8, 5, 6.225014611338398, 6, 2, 1, 5.333333333333333, 6, 3, 0, 0, 0, 0, 0, 1]
[17, 4, 14, 17, 3, 6.226796116504854, 29, 1, 1, 6.5, 7, 2, 0, 0, 0, 0, 0, 1]
[12, 7, 7, 14, 4, 6.227043781480046, 13, 3, 1, 4.25, 5, 4, 0, 0, 0, 0, 0, 1]
[19, 2, 15, 11, 3, 6.226018143215596, 17, 3, 1, 3.75, 6, 4, 0, 0, 0, 0, 0, 1]
[9, 4, 8, 8, 4, 6.22543352601156, 0, 0, 0, 2.0, 2, 1, 0, 0, 0, 0, 0, 1]
[14, 1, 11, 13, 3, 6.224442736356648, 15, 0, 0, 0.0, 0, 0, 0, 0, 0, 0, 0, 1]
[18, 5, 11, 18, 3, 6.224626579854462, 27, 1, 1, 3.6666666666666665, 6, 3, 0, 0, 0, 0, 0, 1]
[10, 2, 8, 16, 3, 6.224770642201835, 16, 0, 0, 0.0, 0, 0, 0, 0, 0, 0, 0, 1]
[16, 2, 14, 16, 3, 6.225800304878049, 26, 1, 3, 5.0, 6, 4, 0, 0, 0, 0, 0, 1]
[16, 4, 11, 15, 3, 6.226633738601824, 16, 1, 0, 4.0, 4, 1, 0, 0, 0, 0, 0, 1]
[10, 5, 5, 9, 3, 6.225635191505499, 1, 1, 0, 5.0, 7, 2, 0, 0, 0, 0, 0, 1]
[7, 1, 5, 15, 4, 6.2279871236508235, 20, 1, 1, 8.333333333333334, 13, 3, 0, 0, 0, 0, 0, 1]
[12, 2, 11, 8, 4, 6.226336671075004, 9, 0, 0, 0.0, 0, 0, 0, 0, 0, 0, 0, 1]
[19, 5, 17, 16, 3, 6.230045180722891, 40, 0, 2, 2.3333333333333335, 6, 6, 0, 0, 0, 0, 0, 1]
[10, 3, 9, 15, 4, 6.232055618188651, 17, 0, 0, 0.0, 0, 0, 0, 0, 0, 0, 0, 1]
[13, 3, 6, 6, 3, 6.228678537956888, 1, 0, 0, 1.0, 1, 1, 0, 0, 0, 0, 1, 1]
[5, 1, 5, 8, 4, 6.227715355805244, 2, 0, 0, 0.0, 0, 0, 0, 0, 0, 0, 0, 1]
[13, 3, 9, 19, 3, 6.232206239491874, 37, 1, 0, 5.0, 5, 1, 0, 0, 0, 0, 0, 1]
[9, 5, 7, 8, 3, 6.23218948153674, 8, 0, 1, 2.5, 3, 2, 0, 0, 0, 0, 0, 1]
[8, 1, 7, 16, 3, 6.23147113594041, 10, 0, 0, 1.5, 2, 2, 0, 0, 0, 0, 0, 1]
[17, 4, 12, 11, 3, 6.228698719138667, 13, 1, 1, 2.0, 3, 3, 0, 0, 0, 0, 0, 1]
[13, 2, 12, 16, 3, 6.229444444444445, 23, 1, 2, 4.666666666666667, 6, 3, 0, 0, 0, 0, 0, 1]
[15, 4, 14, 6, 4, 6.225854108956602, 2, 0, 0, 1.5, 2, 2, 0, 0, 0, 0, 0, 1]
[17, 10, 15, 13, 4, 6.226988217967599, 24, 2, 3, 5.4, 9, 5, 0, 0, 0, 0, 0, 1]
[9, 3, 8, 9, 3, 6.2256938062856095, 10, 0, 0, 0.0, 0, 0, 0, 0, 0, 0, 0, 1]
[13, 3, 7, 16, 3, 6.229189585625229, 38, 1, 1, 4.666666666666667, 7, 3, 0, 0, 0, 0, 0, 1]
[7, 4, 6, 8, 4, 6.228895806628823, 8, 0, 1, 5.0, 5, 1, 0, 0, 0, 0, 0, 1]
[11, 5, 9, 8, 3, 6.225877192982456, 3, 0, 0, 0.0, 0, 0, 0, 0, 0, 0, 0, 1]
[17, 1, 12, 8, 3, 6.222991437420295, 12, 0, 3, 3.75, 6, 4, 0, 0, 0, 0, 0, 1]
[16, 5, 13, 11, 3, 6.222888283378746, 20, 1, 1, 6.5, 8, 2, 0, 0, 0, 0, 0, 1]
[22, 6, 9, 18, 3, 6.231771304505156, 60, 1, 0, 3.0, 3, 1, 0, 0, 0, 0, 0, 1]
[8, 6, 5, 16, 5, 6.233242999096658, 13, 0, 0, 1.0, 1, 1, 0, 0, 0, 0, 0, 1]
[24, 4, 13, 10, 3, 6.229717575103436, 16, 1, 0, 3.0, 3, 1, 0, 0, 0, 0, 0, 1]
[11, 4, 9, 17, 4, 6.232854578096948, 24, 0, 1, 2.5, 3, 2, 0, 0, 0, 0, 0, 1]
[4, 3, 4, 15, 4, 6.233763903839254, 9, 0, 0, 0.0, 0, 0, 0, 0, 0, 0, 0, 1]
[19, 5, 13, 10, 3, 6.230109064902557, 12, 0, 2, 2.3333333333333335, 4, 3, 0, 0, 0, 0, 0, 1]
[13, 1, 11, 17, 4, 6.231894398858366, 16, 0, 2, 2.3333333333333335, 5, 3, 0, 0, 0, 0, 0, 1]
[14, 3, 11, 16, 4, 6.232028469750889, 19, 1, 0, 6.0, 6, 1, 0, 0, 0, 0, 0, 1]
[24, 6, 15, 14, 3, 6.234231041814316, 37, 2, 1, 3.0, 4, 5, 0, 0, 0, 0, 0, 1]
[25, 1, 14, 11, 4, 6.234785676486153, 24, 3, 4, 3.75, 9, 8, 0, 0, 0, 0, 0, 1]
[28, 3, 20, 11, 4, 6.238195541513077, 18, 1, 0, 2.3333333333333335, 5, 3, 0, 0, 0, 0, 0, 1]
[15, 3, 9, 16, 5, 6.243522408963585, 25, 0, 1, 14.0, 14, 1, 0, 0, 0, 0, 0, 1]
[4, 2, 2, 8, 4, 6.243526941917425, 2, 1, 0, 6.0, 6, 1, 0, 0, 0, 0, 0, 1]
[29, 6, 21, 21, 3, 6.2464751958224545, 46, 2, 2, 4.666666666666667, 9, 6, 0, 0, 0, 0, 0, 1]
[8, 6, 7, 16, 4, 6.247001564401182, 11, 1, 1, 3.5, 4, 2, 0, 0, 0, 0, 0, 1]
[26, 5, 16, 14, 3, 6.246928534348503, 29, 0, 1, 2.5, 3, 2, 0, 0, 0, 0, 0, 1]
[14, 4, 5, 10, 4, 6.246159157604005, 9, 0, 0, 1.0, 1, 2, 0, 0, 0, 0, 0, 1]
[6, 0, 3, 7, 4, 6.2455595792378, 0, 0, 1, 3.5, 5, 2, 0, 0, 0, 0, 1, 1]
[28, 5, 21, 15, 3, 6.244207997254161, 37, 0, 3, 5.75, 11, 4, 0, 0, 0, 0, 0, 1]
[10, 4, 5, 10, 4, 6.244646222374508, 14, 1, 1, 5.5, 8, 2, 0, 0, 0, 0, 0, 1]
[15, 5, 12, 16, 3, 6.24419002050581, 18, 0, 0, 0.0, 0, 0, 0, 0, 0, 0, 0, 1]
[18, 5, 14, 14, 3, 6.24258943781942, 19, 1, 0, 5.0, 5, 1, 0, 0, 0, 0, 0, 1]
[3, 4, 2, 15, 6, 6.244508768942619, 9, 0, 0, 0.0, 0, 0, 0, 0, 0, 0, 0, 1]
[22, 6, 20, 15, 3, 6.242069550466497, 27, 0, 2, 6.333333333333333, 11, 3, 0, 0, 0, 0, 0, 1]
[10, 2, 8, 10, 4, 6.241998306519898, 9, 1, 1, 4.666666666666667, 7, 3, 0, 0, 0, 0, 0, 1]
[20, 4, 18, 11, 3, 6.239662447257384, 18, 2, 0, 6.5, 8, 2, 0, 0, 0, 0, 0, 1]
