[38, 2, 9, 19, 3, 6.204373047746541, 57, 1, 1, 4.0, 11, 4, 0, 0, 0, 0, 0, 1]
[25, 2, 13, 9, 3, 6.200133126248058, 12, 0, 2, 2.6666666666666665, 6, 6, 0, 0, 0, 0, 0, 1]
[14, 3, 11, 16, 4, 6.205927892059279, 34, 1, 1, 8.0, 10, 2, 0, 0, 0, 0, 0, 1]
[13, 5, 3, 8, 4, 6.203573003970004, 5, 1, 3, 3.4, 5, 5, 0, 0, 0, 0, 0, 1]
[41, 7, 21, 14, 3, 6.200218579234972, 26, 9, 7, 3.1904761904761907, 5, 21, 0, 0, 0, 0, 0, 1]
[45, 7, 24, 16, 3, 6.2023809523809526, 46, 8, 7, 3.3684210526315788, 6, 19, 0, 0, 0, 0, 0, 1]
[8, 4, 5, 18, 4, 6.20656871218669, 24, 1, 2, 10.666666666666666, 16, 3, 0, 0, 0, 0, 0, 1]
[36, 7, 16, 11, 3, 6.2075471698113205, 21, 3, 3, 3.3333333333333335, 9, 6, 0, 0, 0, 0, 0, 1]
[51, 7, 39, 15, 3, 6.202969247083775, 55, 4, 6, 3.1176470588235294, 12, 17, 0, 0, 0, 0, 0, 1]
[20, 3, 14, 8, 3, 6.198099260823653, 13, 0, 1, 1.25, 2, 4, 0, 0, 0, 0, 0, 1]
[35, 5, 27, 17, 4, 6.19392033542977, 28, 1, 2, 3.4, 6, 5, 0, 0, 0, 0, 0, 1]
[16, 7, 8, 17, 4, 6.199540325950689, 42, 4, 5, 4.666666666666667, 10, 9, 0, 0, 0, 0, 0, 1]
[35, 5, 21, 16, 3, 6.199336237295167, 38, 6, 4, 3.5454545454545454, 9, 11, 0, 0, 0, 0, 0, 1]
[22, 7, 15, 12, 3, 6.198017757588271, 19, 1, 3, 3.3333333333333335, 9, 9, 0, 0, 0, 0, 0, 1]
[42, 4, 10, 13, 3, 6.1965199590583415, 30, 5, 2, 1.75, 4, 8, 0, 0, 0, 0, 0, 1]
[30, 12, 19, 14, 3, 6.197965412004069, 32, 4, 4, 4.4, 8, 10, 0, 0, 0, 0, 2, 1]
[23, 5, 16, 10, 3, 6.19420818144998, 7, 0, 3, 2.7142857142857144, 4, 7, 0, 0, 0, 0, 0, 1]
[26, 0, 20, 16, 3, 6.1992344883158745, 47, 3, 4, 5.5, 13, 8, 0, 0, 0, 0, 0, 1]
[5, 3, 5, 6, 4, 6.1982290199235255, 1, 0, 0, 0.0, 0, 0, 0, 0, 0, 0, 0, 1]
[21, 4, 15, 13, 3, 6.196392785571143, 28, 0, 0, 1.0, 1, 1, 0, 0, 0, 0, 0, 1]
[14, 2, 7, 16, 4, 6.2018385291766585, 29, 2, 3, 4.2, 6, 5, 0, 0, 0, 0, 0, 1]
[39, 4, 32, 20, 3, 6.197501487209994, 34, 7, 7, 4.125, 18, 16, 0, 0, 0, 0, 0, 1]
[23, 2, 19, 14, 3, 6.2017370706671935, 38, 2, 3, 4.571428571428571, 8, 7, 0, 0, 0, 0, 0, 1]
[28, 9, 18, 17, 4, 6.212995681193561, 77, 3, 4, 2.7142857142857144, 4, 7, 0, 0, 0, 0, 0, 1]
[30, 3, 9, 11, 3, 6.21135831381733, 25, 1, 2, 2.25, 3, 4, 0, 0, 0, 0, 0, 1]
[12, 3, 10, 15, 5, 6.2159267912772584, 24, 0, 1, 3.5, 7, 4, 0, 0, 0, 0, 1, 1]
[21, 1, 12, 14, 3, 6.214271863486523, 23, 1, 2, 2.75, 3, 4, 0, 0, 0, 0, 0, 1]
[7, 0, 4, 12, 3, 6.215336948102246, 11, 0, 0, 2.0, 2, 1, 0, 0, 0, 0, 0, 1]
[72, 12, 42, 16, 3, 6.223071046600459, 80, 9, 8, 5.166666666666667, 14, 18, 0, 0, 0, 0, 0, 1]
[21, 3, 16, 16, 3, 6.227315959672818, 48, 1, 3, 5.8, 13, 5, 0, 0, 0, 0, 1, 1]
[5, 2, 1, 9, 5, 6.22786012922843, 6, 1, 0, 1.0, 1, 1, 0, 0, 0, 0, 0, 1]
[64, 6, 58, 13, 3, 6.2238077356365, 56, 7, 3, 1.9230769230769231, 5, 13, 0, 0, 0, 0, 0, 1]
[19, 4, 13, 16, 4, 6.228624883068288, 32, 3, 2, 4.0, 7, 7, 0, 0, 0, 0, 0, 1]
[9, 3, 6, 8, 3, 6.226372805379156, 3, 0, 0, 0.0, 0, 0, 0, 0, 0, 0, 0, 1]
[220, 12, 104, 16, 3, 6.288841047721564, 389, 26, 60, 4.358695652173913, 10, 92, 0, 0, 0, 0, 0, 1]
[7, 4, 6, 6, 4, 6.287582870453324, 0, 0, 1, 4.0, 4, 1, 0, 0, 0, 0, 0, 1]
[18, 6, 11, 16, 3, 6.294159671369887, 49, 2, 1, 3.6666666666666665, 4, 3, 0, 0, 0, 0, 0, 1]
[60, 2, 34, 13, 3, 6.30782823820463, 113, 12, 2, 3.3529411764705883, 7, 17, 0, 0, 0, 0, 0, 1]
[14, 0, 13, 12, 4, 6.306010928961749, 5, 2, 2, 3.5, 4, 4, 0, 0, 0, 0, 0, 1]
[58, 7, 41, 14, 3, 6.319316000697959, 110, 0, 4, 1.5714285714285714, 3, 7, 0, 0, 0, 0, 0, 1]
[8, 2, 6, 11, 5, 6.320090608119881, 8, 1, 0, 1.0, 1, 1, 0, 0, 0, 0, 0, 1]
[17, 7, 11, 11, 3, 6.317755385684503, 13, 1, 2, 2.75, 4, 4, 0, 0, 0, 0, 0, 1]
[28, 5, 17, 16, 3, 6.323997233748271, 62, 3, 4, 5.0, 13, 10, 0, 0, 0, 0, 1, 1]
[3, 3, 3, 6, 5, 6.323656471401417, 1, 0, 1, 3.0, 3, 1, 0, 0, 0, 0, 0, 1]
[53, 4, 39, 15, 3, 6.31763698630137, 34, 8, 5, 2.6, 5, 20, 0, 0, 0, 0, 0, 1]
[38, 2, 27, 16, 4, 6.323239197005784, 50, 9, 9, 4.2, 10, 20, 0, 0, 0, 0, 0, 1]
[16, 4, 12, 10, 3, 6.319816762809637, 4, 1, 1, 3.6666666666666665, 5, 3, 0, 0, 0, 0, 0, 1]
[28, 6, 22, 12, 3, 6.317122593718339, 23, 1, 1, 2.0, 3, 4, 0, 0, 0, 0, 0, 1]
[19, 3, 11, 16, 4, 6.3186332267295064, 20, 3, 4, 2.75, 6, 8, 0, 0, 0, 0, 0, 1]
[29, 5, 17, 15, 3, 6.317085427135678, 29, 1, 2, 4.0, 6, 3, 0, 0, 0, 0, 0, 1]
[12, 3, 11, 11, 5, 6.317953861584754, 13, 0, 1, 4.0, 6, 3, 0, 0, 0, 0, 0, 1]
[22, 5, 17, 14, 3, 6.316788807461692, 16, 0, 0, 1.0, 1, 1, 0, 0, 0, 0, 0, 1]
[6, 3, 6, 12, 5, 6.318968386023294, 12, 1, 1, 4.0, 7, 3, 0, 0, 0, 0, 0, 1]
[10, 1, 3, 11, 4, 6.320099667774087, 6, 0, 0, 1.5, 2, 2, 0, 0, 0, 0, 0, 1]
[38, 3, 27, 24, 3, 6.32419940574447, 89, 4, 7, 6.230769230769231, 20, 13, 0, 0, 0, 0, 0, 1]
[23, 3, 13, 16, 4, 6.3293866140437425, 50, 5, 5, 5.5, 13, 10, 0, 0, 0, 0, 0, 1]
[8, 3, 4, 10, 5, 6.332238462801774, 14, 0, 0, 0.0, 0, 0, 0, 0, 0, 0, 0, 1]
[22, 5, 15, 15, 3, 6.335133366061201, 46, 0, 3, 5.666666666666667, 8, 3, 0, 0, 0, 0, 0, 1]
[6, 0, 4, 23, 6, 6.3403629230014715, 35, 0, 0, 1.0, 1, 1, 0, 0, 0, 0, 0, 1]
[62, 7, 23, 17, 3, 6.363812914711119, 138, 7, 7, 3.4782608695652173, 15, 23, 0, 0, 0, 0, 0, 1]
[16, 5, 8, 17, 4, 6.370137207425343, 44, 3, 2, 5.166666666666667, 10, 6, 0, 0, 0, 0, 0, 1]
[9, 4, 8, 16, 3, 6.372985170857511, 24, 1, 3, 4.75, 10, 4, 0, 0, 0, 0, 0, 1]
[39, 4, 16, 12, 3, 6.372737465961877, 48, 0, 2, 4.0, 10, 3, 0, 0, 0, 0, 0, 1]
[21, 6, 7, 20, 5, 6.3828224776500635, 65, 2, 4, 5.166666666666667, 8, 6, 0, 0, 0, 0, 0, 1]
[11, 4, 10, 16, 4, 6.389003984063745, 44, 0, 2, 6.5, 7, 2, 0, 0, 0, 0, 0, 1]
[53, 2, 18, 14, 3, 6.399020227560051, 99, 3, 3, 3.1666666666666665, 5, 6, 0, 0, 0, 0, 1, 1]
[7, 2, 4, 8, 4, 6.398579321231255, 3, 0, 0, 2.0, 2, 1, 0, 0, 0, 0, 1, 1]
[35, 7, 14, 16, 4, 6.402511773940345, 58, 1, 4, 5.0, 11, 5, 0, 0, 0, 0, 1, 1]
[26, 1, 16, 20, 4, 6.4080675422138835, 47, 0, 3, 3.6, 6, 5, 0, 0, 0, 0, 0, 1]
[26, 5, 16, 20, 3, 6.412644036125817, 33, 3, 3, 4.9, 16, 10, 0, 0, 0, 0, 0, 1]
[57, 6, 38, 14, 3, 6.417502701034111, 99, 3, 2, 5.166666666666667, 9, 6, 0, 0, 0, 0, 0, 1]
[24, 4, 9, 12, 4, 6.422727971705367, 46, 2, 1, 4.25, 9, 4, 0, 0, 0, 0, 1, 1]
[52, 6, 41, 19, 3, 6.4286803966437835, 84, 5, 5, 4.5, 11, 10, 0, 0, 0, 0, 0, 1]
[32, 3, 20, 15, 4, 6.4357066950053134, 64, 6, 2, 3.9, 6, 10, 0, 0, 0, 0, 0, 1]
[26, 3, 16, 16, 3, 6.438983819748979, 28, 1, 3, 4.2, 7, 5, 0, 0, 0, 0, 0, 1]
[28, 0, 18, 13, 4, 6.440295136274657, 39, 1, 3, 4.2, 8, 5, 0, 0, 0, 0, 0, 1]
[79, 2, 33, 19, 4, 6.479315476190476, 265, 15, 26, 4.735849056603773, 10, 53, 0, 0, 0, 0, 0, 1]
[20, 4, 14, 26, 4, 6.48353115727003, 42, 1, 0, 4.0, 4, 1, 0, 0, 0, 0, 0, 1]
[42, 4, 28, 17, 3, 6.479799469183132, 28, 3, 4, 2.6363636363636362, 6, 11, 0, 0, 0, 0, 0, 1]
[6, 4, 5, 12, 4, 6.48099587507366, 11, 1, 0, 6.0, 6, 1, 0, 0, 0, 0, 1, 1]
