[7, 1, 5, 8, 4, 6.138013371537727, 7, 0, 2, 3.6666666666666665, 6, 3, 0, 0, 0, 0, 0, 1]
[10, 4, 7, 13, 3, 6.136406844106464, 13, 0, 0, 0.0, 0, 0, 0, 0, 0, 0, 0, 1]
[23, 2, 16, 16, 3, 6.143394452280207, 45, 1, 2, 5.0, 8, 3, 0, 0, 0, 0, 0, 1]
[19, 5, 12, 14, 3, 6.151910531220876, 35, 2, 2, 4.8, 10, 5, 0, 0, 0, 0, 0, 1]
[20, 3, 10, 11, 3, 6.151431209602955, 25, 1, 2, 4.333333333333333, 5, 3, 0, 0, 0, 0, 0, 1]
[6, 1, 5, 7, 4, 6.149171270718232, 0, 0, 1, 3.0, 3, 1, 0, 0, 0, 0, 0, 1]
[19, 4, 13, 15, 3, 6.156093108169785, 42, 1, 2, 8.0, 11, 3, 0, 0, 0, 0, 0, 1]
[15, 2, 8, 10, 3, 6.154578422484134, 10, 0, 1, 7.0, 7, 1, 0, 0, 0, 0, 0, 1]
[16, 2, 6, 16, 4, 6.161566156615661, 17, 1, 1, 1.75, 3, 4, 0, 0, 0, 0, 0, 1]
[20, 2, 14, 14, 3, 6.15700267618198, 17, 3, 1, 4.2, 6, 5, 0, 0, 0, 0, 0, 1]
[16, 2, 12, 11, 3, 6.149247121346324, 8, 0, 1, 3.0, 3, 1, 0, 0, 0, 0, 0, 1]
[12, 4, 10, 13, 3, 6.14625550660793, 14, 0, 0, 0.0, 0, 0, 0, 0, 0, 0, 0, 1]
[26, 2, 10, 12, 4, 6.148954703832753, 25, 4, 2, 3.5714285714285716, 7, 7, 0, 0, 0, 0, 0, 1]
[7, 3, 6, 15, 4, 6.154146765089014, 18, 0, 0, 0.0, 0, 0, 0, 0, 0, 0, 0, 1]
[22, 4, 16, 16, 3, 6.158709677419355, 30, 2, 2, 4.833333333333333, 14, 6, 0, 0, 0, 0, 0, 1]
[22, 4, 14, 20, 3, 6.158500213037921, 33, 0, 1, 3.0, 3, 1, 0, 0, 0, 0, 0, 1]
[4, 4, 4, 7, 6, 6.158655891110166, 3, 0, 0, 2.0, 2, 1, 0, 0, 0, 0, 0, 1]
[19, 2, 13, 8, 3, 6.152320675105485, 13, 2, 2, 3.25, 4, 4, 0, 0, 0, 0, 0, 1]
[15, 4, 10, 10, 3, 6.145492662473795, 12, 0, 0, 0.0, 0, 0, 0, 0, 0, 0, 0, 1]
[16, 7, 12, 9, 3, 6.14369012911287, 7, 0, 2, 5.0, 6, 2, 0, 0, 0, 0, 0, 1]
[27, 3, 20, 16, 3, 6.154036243822076, 59, 3, 6, 5.7, 14, 10, 0, 0, 0, 0, 0, 1]
[14, 3, 7, 14, 3, 6.152743652743653, 20, 1, 1, 3.6666666666666665, 7, 3, 0, 0, 0, 0, 0, 1]
[18, 5, 12, 10, 3, 6.151219512195122, 15, 1, 1, 6.5, 8, 2, 0, 0, 0, 0, 0, 1]
[10, 2, 8, 16, 5, 6.163157894736842, 38, 2, 3, 7.8, 13, 5, 0, 0, 0, 0, 0, 1]
[11, 4, 10, 7, 3, 6.156791616283757, 2, 0, 0, 0.0, 0, 0, 0, 0, 0, 0, 0, 1]
[32, 5, 15, 11, 3, 6.144448865897334, 12, 1, 3, 2.5, 4, 6, 0, 0, 0, 0, 0, 1]
[16, 3, 11, 16, 3, 6.149466192170818, 35, 0, 2, 4.0, 6, 3, 0, 0, 0, 0, 0, 1]
[3, 3, 3, 10, 4, 6.15086887835703, 6, 0, 0, 0.0, 0, 0, 0, 0, 0, 0, 0, 1]
[22, 2, 15, 12, 3, 6.142129992169147, 7, 0, 0, 2.0, 2, 2, 0, 0, 0, 0, 0, 1]
[11, 5, 10, 16, 3, 6.144639376218324, 19, 1, 0, 13.0, 13, 1, 0, 0, 0, 0, 0, 1]
[19, 4, 15, 12, 3, 6.1385448916408665, 15, 2, 1, 4.333333333333333, 5, 3, 0, 0, 0, 0, 0, 1]
[10, 4, 7, 16, 4, 6.147648419429452, 23, 0, 2, 3.5, 6, 2, 0, 0, 0, 0, 0, 1]
[10, 1, 8, 10, 3, 6.146697388632872, 10, 2, 0, 6.0, 7, 2, 0, 0, 0, 0, 0, 1]
[12, 6, 9, 10, 3, 6.146406727828746, 5, 0, 0, 0.0, 0, 0, 0, 0, 0, 0, 0, 1]
[18, 4, 11, 11, 3, 6.142369020501139, 15, 0, 1, 3.0, 3, 1, 0, 0, 0, 0, 0, 1]
[6, 1, 5, 6, 5, 6.141666666666667, 2, 0, 1, 3.0, 4, 2, 0, 0, 0, 0, 0, 1]
[30, 3, 11, 15, 3, 6.149438202247191, 37, 1, 2, 4.333333333333333, 6, 3, 0, 0, 0, 0, 0, 1]
[17, 3, 10, 12, 3, 6.14588760699665, 14, 0, 1, 4.0, 4, 1, 0, 0, 0, 0, 0, 1]
[10, 3, 8, 16, 3, 6.153133110863923, 25, 0, 0, 0.0, 0, 0, 0, 0, 0, 0, 0, 1]
[9, 1, 8, 14, 3, 6.1529933481153, 12, 0, 1, 3.0, 3, 1, 0, 0, 0, 0, 0, 1]
[13, 5, 7, 20, 3, 6.164030893710923, 33, 1, 0, 7.0, 13, 2, 0, 0, 0, 0, 0, 1]
[17, 4, 11, 13, 4, 6.165204678362573, 26, 0, 0, 1.0, 1, 1, 0, 0, 0, 0, 0, 1]
[12, 1, 6, 11, 5, 6.173580786026201, 18, 1, 0, 1.6666666666666667, 2, 3, 0, 0, 0, 0, 0, 1]
[12, 3, 8, 15, 3, 6.176811594202898, 21, 2, 1, 7.333333333333333, 11, 3, 0, 0, 0, 0, 0, 1]
[11, 4, 7, 11, 3, 6.175387946589678, 5, 0, 1, 3.0, 3, 1, 0, 0, 0, 0, 0, 1]
[20, 2, 8, 16, 3, 6.188104621999283, 39, 3, 3, 3.7142857142857144, 6, 7, 0, 0, 0, 0, 0, 1]
[22, 2, 17, 16, 3, 6.1965872733736225, 41, 4, 1, 3.3333333333333335, 6, 6, 0, 0, 0, 0, 0, 1]
[12, 1, 9, 11, 4, 6.201061946902655, 17, 0, 1, 4.0, 6, 2, 0, 0, 0, 0, 0, 1]
[17, 6, 11, 14, 3, 6.203026038001408, 22, 1, 2, 5.333333333333333, 12, 3, 0, 0, 0, 0, 0, 1]
[16, 3, 10, 14, 3, 6.201889433170049, 17, 2, 1, 6.0, 8, 3, 0, 0, 0, 0, 0, 1]
[7, 4, 4, 7, 3, 6.198603839441536, 2, 0, 0, 0.0, 0, 0, 0, 0, 0, 0, 0, 1]
[24, 11, 18, 16, 3, 6.202146071304949, 42, 1, 0, 13.0, 13, 1, 0, 0, 0, 0, 0, 1]
[23, 1, 13, 14, 3, 6.201579670329671, 27, 0, 4, 3.8, 6, 5, 0, 0, 0, 0, 0, 1]
[9, 4, 4, 13, 4, 6.211913728175283, 28, 1, 2, 11.0, 11, 3, 0, 0, 0, 0, 0, 1]
[16, 3, 11, 20, 3, 6.216887980932925, 31, 1, 1, 3.3333333333333335, 5, 3, 0, 0, 0, 0, 0, 1]
[12, 4, 10, 13, 3, 6.215327229569345, 12, 0, 1, 9.0, 9, 1, 0, 0, 0, 0, 0, 1]
[12, 4, 8, 11, 3, 6.216143194866599, 19, 1, 0, 1.0, 1, 1, 0, 0, 0, 0, 0, 1]
[30, 9, 15, 16, 3, 6.226680040120361, 51, 6, 5, 4.846153846153846, 13, 13, 0, 0, 0, 0, 0, 1]
[15, 6, 8, 11, 3, 6.223885562208915, 10, 0, 0, 2.5, 3, 2, 0, 0, 0, 0, 0, 1]
[8, 2, 6, 14, 6, 6.2299270072992705, 20, 1, 1, 5.666666666666667, 12, 3, 0, 0, 0, 0, 0, 1]
[18, 2, 9, 11, 3, 6.227242744063324, 16, 1, 0, 4.0, 5, 2, 0, 0, 0, 0, 0, 1]
[22, 7, 10, 13, 3, 6.23018991486575, 27, 2, 3, 4.4, 7, 5, 0, 0, 0, 0, 0, 1]
[17, 5, 9, 13, 4, 6.234776945620319, 33, 0, 0, 0.0, 0, 0, 0, 0, 0, 0, 0, 1]
[5, 3, 3, 16, 5, 6.24187256176853, 21, 1, 0, 4.0, 4, 1, 0, 0, 0, 0, 0, 1]
[23, 4, 14, 13, 3, 6.2387867053888355, 19, 1, 2, 2.75, 3, 4, 0, 0, 0, 0, 0, 1]
[22, 10, 17, 15, 3, 6.243191284844601, 38, 1, 4, 3.4, 4, 5, 0, 0, 0, 0, 0, 1]
[32, 4, 21, 13, 2, 6.2359657469077066, 23, 0, 1, 1.5, 2, 2, 0, 0, 0, 0, 0, 1]
[23, 7, 8, 12, 3, 6.232052896725441, 23, 0, 0, 0.0, 0, 0, 0, 0, 0, 0, 0, 1]
[21, 2, 13, 16, 3, 6.236471692211448, 42, 2, 3, 8.0, 13, 5, 0, 0, 0, 0, 0, 1]
[20, 3, 9, 17, 3, 6.248057196145477, 58, 3, 3, 11.333333333333334, 15, 6, 0, 0, 0, 0, 0, 1]
[6, 1, 5, 10, 5, 6.248836487744337, 7, 0, 0, 0.0, 0, 0, 0, 0, 0, 0, 1, 1]
[26, 2, 19, 14, 3, 6.244690674053555, 22, 1, 1, 4.0, 7, 3, 0, 0, 0, 0, 0, 1]
[12, 6, 7, 11, 4, 6.243790248390065, 11, 1, 1, 7.5, 9, 2, 0, 0, 0, 0, 0, 1]
[10, 6, 7, 8, 3, 6.241210638948334, 3, 0, 0, 1.5, 2, 2, 0, 0, 0, 0, 0, 1]
[13, 1, 10, 16, 3, 6.24299634591961, 23, 2, 0, 3.0, 4, 2, 0, 0, 0, 0, 0, 1]
[3, 3, 3, 10, 5, 6.243991481594159, 6, 1, 0, 8.0, 8, 1, 0, 0, 0, 0, 0, 1]
[21, 3, 16, 9, 3, 6.238512696493349, 22, 1, 1, 2.25, 3, 4, 0, 0, 0, 0, 0, 1]
[4, 2, 4, 16, 7, 6.245772946859903, 27, 0, 1, 6.0, 6, 1, 0, 0, 0, 0, 0, 1]
[12, 1, 11, 12, 3, 6.243682310469314, 8, 0, 0, 2.0, 2, 1, 0, 0, 0, 0, 0, 1]
[6, 2, 6, 5, 3, 6.239339339339339, 0, 0, 0, 0.0, 0, 0, 0, 0, 0, 0, 0, 1]
