[25, 2, 13, 16, 3, 6.1732833957553055, 37, 4, 0, 4.2, 11, 5, 0, 0, 0, 0, 0, 1]
[7, 2, 6, 11, 5, 6.173728813559322, 5, 2, 1, 4.6, 8, 5, 0, 0, 0, 0, 0, 1]
[25, 5, 15, 11, 3, 6.175377755759227, 29, 3, 3, 3.875, 8, 8, 0, 0, 0, 0, 0, 1]
[28, 5, 8, 19, 3, 6.214760147601476, 136, 4, 3, 4.714285714285714, 9, 7, 0, 0, 0, 0, 0, 1]
[16, 2, 13, 11, 3, 6.211467777505513, 5, 1, 0, 4.5, 8, 2, 0, 0, 0, 0, 0, 1]
[26, 6, 12, 9, 4, 6.2081811541271, 10, 2, 2, 2.8, 3, 5, 0, 0, 0, 0, 0, 1]
[7, 3, 7, 16, 4, 6.210500729217307, 14, 2, 0, 4.333333333333333, 7, 3, 0, 0, 0, 0, 0, 1]
[23, 1, 14, 15, 4, 6.2136814116509544, 32, 3, 2, 4.166666666666667, 6, 6, 0, 0, 0, 0, 1, 1]
[10, 5, 6, 13, 3, 6.214612973233663, 16, 0, 2, 5.333333333333333, 9, 3, 0, 0, 0, 0, 0, 1]
[24, 2, 14, 14, 3, 6.216494845360825, 34, 3, 3, 4.666666666666667, 12, 6, 0, 0, 0, 0, 0, 1]
[31, 9, 14, 10, 3, 6.215611613517373, 28, 5, 5, 3.5454545454545454, 6, 11, 0, 0, 0, 0, 1, 1]
[5, 5, 5, 11, 5, 6.217019253624911, 9, 1, 0, 5.5, 9, 2, 0, 0, 0, 0, 0, 1]
[22, 8, 15, 16, 3, 6.218254906597305, 27, 2, 1, 5.5, 13, 4, 0, 0, 0, 0, 1, 1]
[9, 3, 8, 11, 3, 6.216847569608306, 4, 1, 1, 6.0, 9, 2, 0, 0, 0, 0, 0, 1]
[24, 6, 14, 13, 3, 6.216330361332708, 18, 1, 1, 6.0, 7, 2, 0, 0, 0, 0, 1, 1]
[19, 5, 12, 14, 3, 6.222845129642607, 37, 3, 4, 5.142857142857143, 12, 7, 0, 0, 0, 0, 1, 1]
[9, 2, 4, 11, 4, 6.221678321678322, 5, 2, 1, 4.333333333333333, 7, 3, 0, 0, 0, 0, 0, 1]
[24, 3, 15, 9, 3, 6.221140472878998, 14, 1, 2, 4.5, 6, 4, 0, 0, 0, 0, 1, 1]
[14, 4, 10, 25, 2, 6.232670979667283, 55, 2, 2, 6.25, 8, 4, 0, 0, 0, 0, 0, 1]
[16, 3, 13, 16, 4, 6.237338858195212, 28, 1, 0, 5.0, 5, 1, 0, 0, 0, 0, 0, 1]
[20, 5, 13, 11, 3, 6.236938588450962, 15, 2, 2, 5.6, 8, 5, 0, 0, 0, 0, 2, 1]
[11, 6, 9, 14, 5, 6.241142857142857, 24, 2, 3, 5.6, 12, 5, 0, 0, 0, 0, 1, 1]
[26, 3, 18, 9, 3, 6.237900477164281, 11, 3, 1, 3.8333333333333335, 6, 6, 0, 0, 0, 0, 1, 1]
[11, 4, 7, 12, 3, 6.241387126019945, 17, 2, 1, 5.333333333333333, 9, 3, 0, 0, 0, 0, 0, 1]
[6, 2, 3, 15, 5, 6.244907197827071, 15, 1, 0, 3.0, 3, 1, 0, 0, 0, 0, 0, 1]
[36, 8, 28, 16, 3, 6.253480017961383, 70, 5, 4, 5.0, 8, 9, 0, 0, 0, 0, 3, 1]
[10, 6, 8, 15, 4, 6.255376344086022, 17, 2, 1, 3.5, 4, 4, 0, 0, 0, 0, 0, 1]
[33, 2, 16, 12, 3, 6.254836557705136, 35, 2, 2, 3.25, 6, 4, 0, 0, 0, 0, 0, 1]
[19, 7, 16, 14, 3, 6.255978742249779, 21, 0, 4, 4.0, 5, 5, 0, 0, 0, 0, 4, 1]
[7, 1, 7, 7, 4, 6.254698209153217, 2, 1, 0, 5.0, 5, 1, 0, 0, 0, 0, 0, 1]
[16, 4, 14, 13, 3, 6.251376955276492, 9, 0, 0, 2.0, 2, 1, 0, 0, 0, 0, 2, 1]
[19, 5, 16, 26, 3, 6.25976305397104, 52, 2, 1, 7.8, 23, 5, 0, 0, 0, 0, 0, 1]
[29, 2, 22, 11, 3, 6.2541966426858515, 15, 2, 2, 2.25, 6, 8, 0, 0, 0, 0, 0, 1]
[18, 4, 17, 12, 3, 6.255157437567861, 20, 1, 3, 7.0, 10, 4, 0, 0, 0, 0, 2, 1]
[7, 1, 7, 14, 4, 6.256504770164788, 11, 1, 1, 3.5, 4, 2, 0, 0, 0, 0, 0, 1]
[29, 5, 13, 11, 4, 6.256410256410256, 22, 1, 4, 3.5714285714285716, 8, 7, 0, 0, 0, 0, 2, 1]
[12, 5, 12, 10, 3, 6.255104233827638, 7, 1, 2, 4.2, 8, 5, 0, 0, 0, 0, 0, 1]
[21, 8, 15, 10, 3, 6.251604621309371, 10, 2, 3, 3.2857142857142856, 5, 7, 0, 0, 0, 0, 0, 1]
[12, 7, 8, 16, 3, 6.254374733247973, 23, 1, 1, 2.6666666666666665, 4, 3, 0, 0, 0, 0, 0, 1]
[9, 3, 8, 13, 4, 6.25580404685836, 17, 0, 1, 9.0, 9, 1, 0, 0, 0, 0, 1, 1]
[21, 3, 17, 10, 3, 6.255089058524173, 12, 1, 2, 4.5, 8, 4, 0, 0, 0, 0, 3, 1]
[21, 7, 14, 14, 3, 6.256069242136373, 21, 0, 2, 3.8, 7, 5, 0, 0, 0, 0, 0, 1]
[25, 0, 22, 12, 3, 6.255564888702226, 19, 2, 2, 4.833333333333333, 8, 6, 0, 0, 0, 0, 2, 1]
[17, 4, 12, 17, 3, 6.2571667712910655, 23, 0, 1, 2.5, 5, 4, 0, 0, 0, 0, 0, 1]
[5, 2, 5, 16, 5, 6.262123745819398, 23, 2, 0, 8.5, 13, 2, 0, 0, 0, 0, 0, 1]
[34, 5, 19, 11, 4, 6.263387297633873, 39, 3, 8, 4.0, 7, 15, 0, 0, 0, 0, 3, 1]
[15, 5, 12, 10, 3, 6.262983654045106, 10, 1, 0, 5.5, 8, 2, 0, 0, 0, 0, 0, 1]
[22, 2, 17, 14, 3, 6.265087538619979, 38, 3, 1, 4.25, 8, 4, 0, 0, 0, 0, 2, 1]
[12, 7, 10, 12, 3, 6.268132319704129, 16, 1, 3, 4.0, 5, 5, 0, 0, 0, 0, 0, 1]
[1, 2, 1, 15, 10, 6.269926047658176, 6, 0, 0, 0.0, 0, 0, 0, 0, 0, 0, 0, 1]
[25, 5, 23, 16, 3, 6.270795013284284, 27, 5, 3, 4.9, 14, 10, 0, 0, 0, 0, 3, 1]
[12, 5, 5, 14, 3, 6.273394495412844, 21, 1, 0, 4.0, 4, 1, 0, 0, 0, 0, 0, 1]
[9, 3, 5, 10, 5, 6.274521774521775, 12, 0, 2, 3.5, 4, 2, 0, 0, 0, 0, 1, 1]
[27, 4, 22, 16, 3, 6.280914794575997, 51, 2, 5, 4.333333333333333, 7, 9, 0, 0, 0, 0, 2, 1]
[15, 4, 9, 14, 3, 6.281476997578692, 21, 0, 2, 7.5, 12, 2, 0, 0, 0, 0, 0, 1]
[26, 1, 15, 11, 4, 6.282015254917703, 19, 3, 2, 3.6666666666666665, 8, 6, 0, 0, 0, 0, 1, 1]
[22, 3, 10, 16, 4, 6.294164668265387, 66, 3, 0, 3.0, 5, 4, 0, 0, 0, 0, 0, 1]
[6, 7, 3, 15, 5, 6.29620758483034, 12, 0, 1, 3.0, 3, 1, 0, 0, 0, 0, 0, 1]
[27, 6, 18, 14, 3, 6.301369863013699, 52, 3, 6, 5.666666666666667, 9, 9, 0, 0, 0, 0, 2, 1]
[11, 6, 6, 16, 3, 6.305071315372425, 28, 0, 1, 3.0, 3, 1, 0, 0, 0, 0, 0, 1]
[14, 3, 12, 14, 4, 6.309758988542078, 27, 3, 2, 3.6, 5, 5, 0, 0, 0, 0, 2, 1]
[34, 6, 26, 21, 3, 6.31043956043956, 57, 1, 3, 4.166666666666667, 8, 6, 0, 0, 0, 0, 0, 1]
[8, 4, 7, 16, 5, 6.3144592476489025, 23, 1, 0, 5.0, 7, 2, 0, 0, 0, 0, 1, 1]
[23, 2, 20, 12, 3, 6.31480397893505, 21, 4, 3, 4.125, 7, 8, 0, 0, 0, 0, 1, 1]
[7, 4, 5, 12, 4, 6.3167121153097, 15, 1, 0, 3.0, 3, 1, 0, 0, 0, 0, 0, 1]
[12, 3, 10, 14, 5, 6.321609016712009, 29, 4, 1, 6.8, 12, 5, 0, 0, 0, 0, 0, 1]
[76, 7, 31, 14, 4, 6.338376101110685, 131, 6, 12, 4.7727272727272725, 12, 22, 0, 0, 0, 0, 2, 1]
[11, 1, 10, 6, 4, 6.335371679724823, 0, 2, 2, 3.0, 4, 7, 0, 0, 0, 0, 0, 1]
[26, 5, 20, 16, 4, 6.340178741205553, 47, 5, 4, 5.9, 11, 10, 0, 0, 0, 0, 2, 1]
[35, 4, 10, 19, 3, 6.3486966377030605, 72, 2, 1, 2.4285714285714284, 5, 7, 0, 0, 0, 0, 0, 1]
[23, 4, 18, 13, 4, 6.351137859695317, 36, 2, 0, 4.0, 5, 3, 0, 0, 0, 0, 1, 1]
[17, 5, 15, 16, 3, 6.3528308961379825, 22, 1, 2, 7.0, 14, 3, 0, 0, 0, 0, 1, 1]
[10, 6, 9, 14, 4, 6.3542290419161676, 19, 4, 2, 5.833333333333333, 9, 6, 0, 0, 0, 0, 0, 1]
[14, 4, 12, 11, 4, 6.354423292273236, 17, 0, 0, 2.0, 2, 1, 0, 0, 0, 0, 0, 1]
[8, 2, 8, 11, 3, 6.353335818114052, 7, 1, 0, 3.5, 5, 2, 0, 0, 0, 0, 0, 1]
[8, 1, 7, 16, 3, 6.355414960922962, 15, 0, 0, 1.0, 1, 1, 0, 0, 0, 0, 0, 1]
[33, 8, 30, 11, 3, 6.352321065285741, 26, 3, 1, 3.2, 5, 5, 0, 0, 0, 0, 0, 1]
[4, 3, 4, 16, 5, 6.355202365551654, 18, 0, 1, 6.0, 6, 1, 0, 0, 0, 0, 0, 1]
[31, 6, 22, 13, 3, 6.35226019845645, 37, 4, 4, 3.875, 9, 8, 0, 0, 0, 0, 0, 1]
[13, 2, 10, 11, 4, 6.353070577451879, 10, 3, 0, 3.3333333333333335, 5, 6, 0, 0, 0, 0, 0, 1]
