[8, 6, 6, 10, 4, 6.285149384885765, 9, 0, 2, 5.0, 7, 2, 0, 0, 0, 0, 0, 1]
[34, 3, 17, 16, 3, 6.281550568347421, 22, 0, 0, 1.1428571428571428, 2, 7, 0, 0, 0, 0, 0, 1]
[13, 0, 7, 20, 4, 6.285672727272727, 43, 2, 2, 3.7142857142857144, 12, 7, 0, 0, 0, 0, 0, 1]
[22, 4, 15, 10, 3, 6.282441641293316, 15, 2, 0, 2.25, 4, 4, 0, 0, 0, 0, 0, 1]
[11, 3, 10, 18, 4, 6.286913723219456, 40, 1, 2, 10.333333333333334, 15, 3, 0, 0, 0, 0, 0, 1]
[17, 5, 14, 16, 4, 6.286931407942238, 21, 3, 3, 5.833333333333333, 14, 6, 0, 0, 0, 0, 0, 1]
[25, 0, 20, 16, 3, 6.287769784172662, 24, 4, 0, 2.6666666666666665, 4, 6, 0, 0, 0, 0, 0, 1]
[11, 3, 11, 19, 4, 6.295503519609252, 60, 1, 4, 10.2, 15, 5, 0, 0, 0, 0, 0, 1]
[25, 3, 22, 11, 3, 6.292442026910964, 21, 2, 1, 2.8333333333333335, 8, 6, 0, 0, 0, 0, 0, 1]
[46, 4, 17, 20, 5, 6.311575654152446, 161, 9, 7, 5.882352941176471, 13, 17, 0, 0, 0, 0, 0, 1]
[30, 2, 22, 17, 3, 6.310960067969414, 38, 3, 0, 4.333333333333333, 6, 3, 0, 0, 0, 0, 0, 1]
[7, 1, 5, 16, 4, 6.312349695855143, 12, 1, 0, 8.0, 14, 2, 0, 0, 0, 0, 0, 1]
[19, 7, 16, 19, 5, 6.3201185101580135, 63, 0, 4, 7.5, 15, 4, 0, 0, 0, 0, 0, 1]
[26, 3, 18, 17, 3, 6.319651391622154, 31, 1, 0, 2.25, 5, 4, 0, 0, 0, 0, 0, 1]
[6, 3, 4, 12, 4, 6.320646067415731, 10, 1, 0, 6.0, 6, 1, 0, 0, 0, 0, 0, 1]
[28, 4, 25, 17, 3, 6.320089535534415, 41, 2, 1, 3.0, 5, 4, 0, 0, 0, 0, 0, 1]
[9, 4, 6, 9, 5, 6.3201061897443065, 2, 1, 1, 4.5, 5, 2, 0, 0, 0, 0, 0, 1]
[28, 2, 21, 20, 4, 6.329436325678497, 96, 3, 5, 7.444444444444445, 15, 9, 0, 0, 0, 0, 0, 1]
[17, 7, 13, 16, 3, 6.330602610386004, 21, 0, 0, 1.5, 2, 2, 0, 0, 0, 0, 0, 1]
[20, 2, 16, 19, 3, 6.334810301855442, 52, 2, 2, 7.75, 16, 4, 0, 0, 0, 0, 0, 1]
[21, 2, 13, 15, 4, 6.33425376225321, 24, 2, 1, 2.8, 4, 5, 0, 0, 0, 0, 0, 1]
[6, 1, 2, 10, 4, 6.335632501034626, 11, 2, 0, 5.0, 5, 2, 0, 0, 0, 0, 0, 1]
[24, 4, 17, 17, 3, 6.344837068609927, 96, 4, 4, 6.5, 13, 10, 0, 0, 0, 0, 0, 1]
[19, 5, 9, 15, 4, 6.3473669775095996, 37, 1, 2, 6.5, 13, 4, 0, 0, 0, 0, 0, 1]
[26, 3, 22, 19, 3, 6.353648537851872, 73, 1, 6, 5.714285714285714, 15, 7, 0, 0, 0, 0, 0, 1]
[18, 6, 10, 14, 3, 6.354416575790622, 28, 1, 0, 6.0, 10, 2, 0, 0, 0, 0, 0, 1]
[9, 2, 4, 16, 4, 6.358747447243022, 33, 2, 0, 5.666666666666667, 9, 3, 0, 0, 0, 0, 0, 1]
[22, 5, 14, 17, 4, 6.360526673001222, 39, 1, 2, 7.0, 13, 3, 0, 0, 0, 0, 0, 1]
[12, 4, 8, 8, 3, 6.359533812169671, 3, 0, 0, 1.5, 2, 2, 0, 0, 0, 0, 0, 1]
[4, 0, 3, 8, 4, 6.359203575782202, 3, 0, 0, 0.0, 0, 0, 0, 0, 0, 0, 0, 1]
[43, 3, 30, 22, 3, 6.361163479666038, 87, 1, 7, 5.1, 10, 10, 0, 0, 0, 0, 0, 1]
[9, 4, 5, 16, 5, 6.362205783456624, 12, 0, 2, 6.0, 7, 2, 0, 0, 0, 0, 0, 1]
[22, 3, 14, 12, 3, 6.361271288722006, 20, 1, 2, 2.5, 6, 6, 0, 0, 0, 0, 0, 1]
[20, 4, 14, 19, 4, 6.368062056974723, 61, 1, 1, 5.25, 16, 4, 0, 0, 0, 0, 0, 1]
[8, 5, 6, 5, 4, 6.365931863727455, 0, 1, 0, 3.0, 3, 1, 0, 0, 0, 0, 0, 1]
[48, 4, 27, 20, 3, 6.373423602814284, 101, 7, 3, 5.833333333333333, 17, 12, 0, 0, 0, 0, 0, 1]
[14, 2, 6, 11, 5, 6.374585928183384, 20, 2, 1, 4.666666666666667, 6, 3, 0, 0, 0, 0, 0, 1]
[29, 1, 18, 19, 3, 6.379223864836325, 66, 7, 3, 4.083333333333333, 7, 12, 0, 0, 0, 0, 0, 1]
[34, 5, 22, 15, 3, 6.378843626806833, 46, 4, 3, 3.4, 10, 10, 0, 0, 0, 0, 0, 1]
[23, 3, 8, 13, 4, 6.378881173850386, 17, 2, 0, 2.3333333333333335, 4, 3, 0, 0, 0, 0, 0, 1]
[38, 8, 28, 17, 3, 6.37687394081606, 51, 2, 2, 2.5714285714285716, 5, 7, 0, 0, 0, 0, 0, 1]
[5, 6, 2, 11, 5, 6.377800937988535, 6, 0, 0, 0.0, 0, 0, 0, 0, 0, 0, 1, 1]
[26, 4, 19, 17, 3, 6.3802908335497275, 57, 2, 3, 5.857142857142857, 14, 7, 0, 0, 0, 0, 0, 1]
[3, 5, 2, 4, 4, 6.3793640493186246, 0, 0, 0, 1.0, 1, 1, 0, 0, 0, 0, 0, 1]
[38, 5, 23, 19, 3, 6.3931292780576, 127, 4, 3, 4.0, 16, 9, 0, 0, 0, 0, 0, 1]
[4, 1, 3, 7, 4, 6.392668129598555, 0, 1, 0, 4.0, 4, 1, 0, 0, 0, 0, 0, 1]
[33, 3, 25, 20, 3, 6.400385604113111, 104, 7, 5, 5.666666666666667, 17, 12, 0, 0, 0, 0, 1, 1]
[4, 5, 3, 8, 5, 6.400693730729702, 6, 0, 1, 3.0, 3, 1, 0, 0, 0, 0, 0, 1]
[30, 5, 18, 16, 3, 6.398387509598157, 35, 4, 4, 2.8, 6, 10, 0, 0, 0, 0, 0, 1]
[15, 1, 7, 14, 5, 6.400562013028484, 23, 2, 1, 4.75, 10, 4, 0, 0, 0, 0, 0, 1]
[5, 3, 2, 12, 4, 6.402093438856268, 16, 1, 0, 5.0, 9, 2, 0, 0, 0, 0, 0, 1]
[24, 4, 14, 11, 3, 6.400610842453551, 21, 3, 2, 2.7142857142857144, 5, 7, 0, 0, 0, 0, 1, 1]
[13, 5, 11, 12, 3, 6.400203277855419, 19, 1, 0, 1.5, 2, 2, 0, 0, 0, 0, 0, 1]
[25, 3, 19, 19, 3, 6.40273556231003, 49, 4, 2, 4.0, 8, 6, 0, 0, 0, 0, 0, 1]
[6, 2, 6, 16, 6, 6.404328018223235, 16, 1, 1, 10.0, 14, 2, 0, 0, 0, 0, 0, 1]
[6, 3, 4, 13, 6, 6.405159332321699, 8, 2, 1, 4.0, 4, 3, 0, 0, 0, 0, 0, 1]
[28, 3, 24, 20, 3, 6.412550403225806, 90, 6, 5, 6.7272727272727275, 17, 11, 0, 0, 0, 0, 0, 1]
[23, 2, 10, 14, 4, 6.419148134187712, 57, 2, 2, 3.2, 4, 5, 0, 0, 0, 0, 0, 1]
[29, 3, 22, 16, 3, 6.419379068602904, 43, 2, 0, 8.0, 13, 2, 0, 0, 0, 0, 0, 1]
[12, 6, 9, 14, 5, 6.421625, 27, 2, 1, 8.0, 12, 3, 0, 0, 0, 0, 0, 1]
[15, 4, 12, 16, 3, 6.422208359326263, 24, 1, 1, 4.5, 5, 2, 0, 0, 0, 0, 4, 1]
[32, 6, 26, 19, 3, 6.426867155461663, 83, 4, 6, 5.7, 15, 10, 0, 0, 0, 0, 0, 1]
[7, 3, 7, 11, 4, 6.426496150980879, 5, 0, 0, 0.0, 0, 0, 0, 0, 0, 0, 0, 1]
[30, 5, 25, 16, 3, 6.4268926274121725, 48, 2, 2, 4.4, 7, 5, 0, 0, 0, 0, 0, 1]
[8, 5, 1, 12, 5, 6.428077113198221, 14, 1, 1, 5.0, 6, 2, 0, 0, 0, 0, 0, 1]
[27, 8, 20, 20, 4, 6.429855893582953, 45, 3, 1, 2.8, 5, 5, 0, 0, 0, 0, 0, 1]
[22, 2, 19, 17, 4, 6.432870654710723, 48, 3, 7, 5.3, 8, 10, 0, 0, 0, 0, 0, 1]
[16, 5, 14, 9, 4, 6.43177638837808, 10, 3, 2, 4.0, 5, 5, 0, 0, 0, 0, 0, 1]
[26, 4, 20, 19, 3, 6.436759134791641, 59, 1, 5, 5.428571428571429, 14, 7, 0, 0, 0, 0, 0, 1]
[17, 1, 7, 13, 3, 6.43609756097561, 14, 2, 2, 3.8333333333333335, 9, 6, 0, 0, 0, 0, 0, 1]
[34, 2, 22, 16, 3, 6.437697352441098, 45, 2, 0, 4.2, 12, 5, 0, 0, 0, 0, 0, 1]
[26, 4, 23, 20, 3, 6.445157384987893, 98, 8, 5, 5.5, 17, 16, 0, 0, 0, 0, 0, 1]
[2, 2, 1, 8, 6, 6.4452916969256835, 0, 0, 0, 0.0, 0, 0, 0, 0, 0, 0, 0, 1]
[25, 4, 18, 19, 4, 6.451791963316037, 80, 1, 4, 6.6, 15, 5, 0, 0, 0, 0, 0, 1]
[19, 2, 3, 14, 3, 6.462075607994221, 78, 1, 2, 3.5, 11, 8, 0, 0, 0, 0, 0, 1]
[28, 4, 20, 11, 3, 6.4619630429565635, 39, 5, 2, 3.8, 8, 10, 0, 0, 0, 0, 0, 1]
[9, 1, 7, 20, 4, 6.466978305166007, 49, 1, 2, 9.666666666666666, 12, 3, 0, 0, 0, 0, 0, 1]
[38, 4, 31, 14, 3, 6.462474645030426, 35, 3, 1, 4.5, 11, 6, 0, 0, 0, 0, 0, 1]
[12, 2, 11, 18, 3, 6.467889908256881, 60, 1, 4, 8.2, 15, 5, 0, 0, 0, 0, 0, 1]
[8, 1, 4, 16, 5, 6.470182121176051, 17, 1, 0, 7.0, 7, 1, 0, 0, 0, 0, 1, 1]
