[9, 4, 4, 7, 4, 6.159211523881728, 0, 0, 3, 4.0, 5, 3, 0, 0, 0, 0, 0, 1]
[21, 0, 14, 20, 3, 6.161412120067963, 33, 1, 1, 3.5, 4, 2, 0, 0, 0, 0, 0, 1]
[9, 6, 8, 14, 5, 6.163965322276668, 18, 0, 0, 2.0, 2, 1, 0, 0, 0, 0, 1, 1]
[18, 2, 11, 15, 3, 6.1622839969947405, 26, 1, 0, 6.0, 6, 1, 0, 0, 0, 0, 0, 1]
[10, 5, 6, 8, 4, 6.161792275965504, 3, 2, 1, 3.5, 6, 4, 0, 0, 0, 0, 0, 1]
[29, 7, 19, 16, 3, 6.159612157374604, 34, 1, 0, 7.5, 13, 2, 0, 0, 0, 0, 0, 1]
[14, 4, 9, 23, 4, 6.16328807885438, 26, 1, 1, 7.0, 8, 2, 0, 0, 0, 0, 0, 1]
[9, 3, 7, 8, 4, 6.163015224656517, 11, 0, 0, 0.0, 0, 0, 0, 0, 0, 0, 1, 1]
[22, 2, 17, 16, 3, 6.166420118343195, 51, 0, 0, 0.0, 0, 0, 0, 0, 0, 0, 0, 1]
[13, 5, 8, 8, 4, 6.163807415605977, 4, 1, 1, 2.6666666666666665, 3, 3, 0, 0, 0, 0, 0, 1]
[14, 7, 10, 13, 3, 6.163569457221711, 22, 2, 0, 5.5, 10, 2, 0, 0, 0, 0, 0, 1]
[14, 2, 10, 16, 3, 6.163699761424114, 20, 0, 3, 7.333333333333333, 13, 3, 0, 0, 0, 0, 0, 1]
[5, 3, 4, 10, 5, 6.164466446644664, 9, 0, 0, 0.0, 0, 0, 0, 0, 0, 0, 0, 1]
[16, 3, 11, 10, 3, 6.159963436928702, 9, 0, 1, 1.0, 1, 2, 0, 0, 0, 0, 0, 1]
[15, 5, 8, 14, 4, 6.159343664539653, 11, 1, 2, 3.2, 5, 5, 0, 0, 0, 0, 0, 1]
[21, 3, 18, 12, 3, 6.155285143479841, 13, 0, 0, 1.0, 1, 1, 0, 0, 0, 0, 0, 1]
[6, 6, 4, 13, 6, 6.156748911465892, 6, 1, 0, 4.0, 6, 2, 0, 0, 0, 0, 0, 1]
[17, 3, 11, 16, 3, 6.157894736842105, 36, 1, 2, 8.333333333333334, 13, 3, 0, 0, 0, 0, 1, 1]
[8, 3, 3, 7, 4, 6.157124796821384, 2, 1, 1, 4.0, 5, 2, 0, 0, 0, 0, 0, 1]
[21, 1, 14, 14, 4, 6.164267722202231, 30, 2, 2, 3.3333333333333335, 6, 6, 0, 0, 0, 0, 0, 1]
[13, 3, 12, 16, 2, 6.165140908274996, 23, 0, 0, 0.0, 0, 0, 0, 0, 0, 0, 0, 1]
[9, 2, 9, 16, 4, 6.167204301075269, 17, 1, 0, 6.5, 12, 2, 0, 0, 0, 0, 0, 1]
[15, 4, 11, 10, 4, 6.166577301161752, 15, 2, 1, 3.6666666666666665, 4, 3, 0, 0, 0, 0, 0, 1]
[10, 2, 6, 11, 3, 6.1661016949152545, 12, 0, 0, 0.0, 0, 0, 0, 0, 0, 0, 1, 1]
[12, 1, 11, 17, 3, 6.166458963859712, 15, 2, 0, 5.75, 15, 4, 0, 0, 0, 0, 0, 1]
[26, 5, 12, 13, 4, 6.168172957646642, 34, 2, 5, 5.0, 11, 8, 0, 0, 0, 0, 0, 1]
[10, 2, 7, 21, 5, 6.174597558818326, 36, 0, 1, 4.5, 7, 2, 0, 0, 0, 0, 0, 1]
[16, 7, 10, 16, 3, 6.176397953783736, 29, 0, 1, 3.0, 3, 1, 0, 0, 0, 0, 0, 1]
[4, 2, 0, 9, 3, 6.175921029437688, 3, 1, 0, 5.0, 5, 1, 0, 0, 0, 0, 0, 1]
[18, 5, 11, 16, 3, 6.175891758917589, 21, 1, 0, 3.0, 4, 2, 0, 0, 0, 0, 0, 1]
[10, 2, 9, 7, 3, 6.173478337133836, 3, 0, 0, 0.0, 0, 0, 0, 0, 0, 0, 0, 1]
[21, 6, 17, 17, 3, 6.17651170919259, 41, 0, 3, 6.75, 15, 4, 0, 0, 0, 0, 0, 1]
[14, 3, 8, 14, 3, 6.177126917712692, 20, 0, 1, 4.0, 4, 1, 0, 0, 0, 0, 0, 1]
[13, 4, 7, 14, 4, 6.183162289093755, 39, 2, 3, 5.666666666666667, 9, 6, 0, 0, 0, 0, 0, 1]
[14, 5, 10, 12, 4, 6.183584938400139, 10, 1, 0, 5.0, 5, 1, 0, 0, 0, 0, 0, 1]
[23, 5, 10, 12, 4, 6.183719322502593, 17, 1, 1, 3.5, 4, 2, 0, 0, 0, 0, 1, 1]
[23, 5, 13, 10, 3, 6.184369082458255, 18, 0, 2, 2.25, 3, 4, 0, 0, 0, 0, 0, 1]
[9, 3, 5, 8, 4, 6.18339635613613, 9, 0, 0, 0.0, 0, 0, 0, 0, 0, 0, 0, 1]
[201, 9, 58, 25, 4, 6.422661571689649, 1413, 37, 44, 9.495145631067961, 22, 103, 0, 0, 0, 0, 0, 1]
[93, 5, 65, 17, 3, 6.44109947643979, 221, 12, 16, 7.071428571428571, 11, 28, 0, 0, 0, 0, 0, 1]
[4, 2, 3, 16, 6, 6.4452256376716806, 26, 2, 0, 7.0, 10, 2, 0, 0, 0, 0, 0, 1]
[20, 2, 13, 18, 3, 6.445730117340287, 29, 1, 1, 3.0, 5, 4, 0, 0, 0, 0, 0, 1]
[8, 6, 6, 13, 4, 6.446126302083333, 20, 0, 1, 5.5, 9, 2, 0, 0, 0, 0, 0, 1]
[9, 3, 9, 17, 5, 6.44677393141557, 12, 1, 0, 3.3333333333333335, 5, 3, 0, 0, 0, 0, 0, 1]
[30, 9, 19, 14, 3, 6.446870451237263, 44, 4, 2, 3.0, 8, 8, 0, 0, 0, 0, 1, 1]
[11, 2, 8, 13, 4, 6.447368421052632, 9, 1, 1, 4.333333333333333, 8, 3, 0, 0, 0, 0, 0, 1]
[35, 6, 19, 12, 3, 6.443088778295071, 31, 2, 1, 3.5, 6, 8, 0, 0, 0, 0, 1, 1]
[12, 2, 8, 14, 4, 6.448165358115687, 27, 1, 0, 4.0, 7, 3, 0, 0, 0, 0, 0, 1]
[25, 6, 19, 16, 3, 6.449569103096074, 43, 2, 1, 4.8, 11, 5, 0, 0, 0, 0, 0, 1]
[6, 5, 5, 8, 4, 6.449139030612245, 5, 0, 1, 4.0, 4, 1, 0, 0, 0, 0, 0, 1]
[31, 6, 27, 16, 3, 6.448992543233381, 54, 2, 2, 4.166666666666667, 10, 6, 0, 0, 0, 0, 0, 1]
[8, 3, 7, 12, 3, 6.449849469180795, 15, 1, 0, 3.5, 5, 2, 0, 0, 0, 0, 0, 1]
[28, 9, 26, 20, 3, 6.452595046537309, 62, 2, 0, 3.3333333333333335, 5, 3, 0, 0, 0, 0, 1, 1]
[9, 4, 8, 13, 4, 6.453528670447385, 15, 0, 2, 3.6666666666666665, 6, 3, 0, 0, 0, 0, 0, 1]
[24, 6, 17, 11, 3, 6.452605147520401, 31, 1, 0, 4.0, 7, 2, 0, 0, 0, 0, 0, 1]
[8, 2, 5, 16, 3, 6.455172413793103, 26, 1, 3, 5.25, 10, 4, 0, 0, 0, 0, 0, 1]
[61, 7, 26, 12, 3, 6.4623505666821925, 23, 1, 1, 1.0, 1, 2, 0, 0, 0, 0, 0, 1]
[10, 0, 10, 16, 4, 6.463804061385832, 22, 2, 1, 5.0, 11, 4, 0, 0, 0, 0, 0, 1]
[52, 6, 43, 21, 3, 6.465938797478087, 32, 2, 1, 2.5, 5, 4, 0, 0, 0, 0, 0, 1]
[10, 0, 9, 15, 5, 6.46890833717181, 26, 1, 2, 5.333333333333333, 6, 3, 0, 0, 0, 0, 0, 1]
[14, 6, 14, 14, 3, 6.467902558602727, 19, 1, 0, 11.0, 11, 1, 0, 0, 0, 0, 1, 1]
[16, 1, 12, 11, 3, 6.4664526975393555, 18, 0, 0, 0.0, 0, 0, 0, 0, 0, 0, 0, 1]
[10, 4, 6, 7, 4, 6.464214863421334, 2, 0, 1, 2.0, 3, 2, 0, 0, 0, 0, 0, 1]
[24, 3, 17, 16, 3, 6.467842481374487, 55, 1, 1, 2.5, 4, 2, 0, 0, 0, 0, 0, 1]
[13, 0, 9, 10, 4, 6.46783004552352, 10, 2, 2, 4.166666666666667, 6, 6, 0, 0, 0, 0, 1, 1]
[10, 4, 8, 11, 4, 6.467121212121212, 2, 0, 0, 0.0, 0, 0, 0, 0, 0, 0, 0, 1]
[12, 0, 11, 14, 3, 6.4656684815486996, 17, 0, 0, 1.0, 1, 1, 0, 0, 0, 0, 0, 1]
[7, 3, 3, 9, 3, 6.465024928236894, 5, 0, 1, 3.0, 3, 1, 0, 0, 0, 0, 0, 1]
[9, 5, 9, 8, 3, 6.463488231744116, 8, 0, 1, 4.0, 4, 1, 0, 0, 0, 0, 0, 1]
[11, 2, 8, 14, 3, 6.4648290405181505, 27, 0, 0, 0.0, 0, 0, 0, 0, 0, 0, 0, 1]
[15, 2, 10, 16, 4, 6.466336038473099, 24, 2, 0, 2.4, 5, 5, 0, 0, 0, 0, 0, 1]
[7, 3, 5, 10, 3, 6.465095331031376, 6, 0, 0, 0.0, 0, 0, 0, 0, 0, 0, 0, 1]
[14, 2, 12, 12, 3, 6.464868913857678, 24, 0, 2, 3.6666666666666665, 6, 3, 0, 0, 0, 0, 0, 1]
[13, 4, 8, 14, 4, 6.469049043062201, 41, 2, 0, 5.5, 6, 2, 0, 0, 0, 0, 0, 1]
[9, 1, 7, 8, 5, 6.468418694938032, 8, 0, 0, 2.0, 2, 1, 0, 0, 0, 0, 0, 1]
[15, 5, 13, 11, 3, 6.466030989272944, 5, 0, 1, 4.0, 4, 1, 0, 0, 0, 0, 1, 1]
[12, 1, 10, 16, 3, 6.465496728138013, 18, 0, 0, 0.0, 0, 0, 0, 0, 0, 0, 0, 1]
[8, 2, 6, 8, 4, 6.4649435531788475, 9, 0, 2, 4.5, 6, 2, 0, 0, 0, 0, 0, 1]
[13, 3, 13, 13, 3, 6.4628613787991105, 12, 0, 0, 0.0, 0, 0, 0, 0, 0, 0, 0, 1]
[12, 3, 10, 16, 3, 6.465739233387598, 32, 1, 1, 5.5, 6, 2, 0, 0, 0, 0, 0, 1]
