[5, 5, 1, 13, 4, 6.116703539823009, 9, 0, 1, 9.0, 9, 1, 0, 0, 0, 0, 0, 1]
[16, 1, 4, 11, 4, 6.115638766519824, 6, 0, 4, 3.5, 5, 6, 0, 0, 0, 0, 0, 1]
[55, 5, 24, 16, 3, 6.104692161649037, 38, 1, 1, 1.8, 4, 5, 0, 0, 0, 0, 0, 1]
[11, 1, 4, 11, 4, 6.105191995673337, 13, 3, 0, 4.25, 9, 4, 0, 0, 0, 0, 0, 1]
[34, 0, 23, 8, 3, 6.095123258306538, 11, 0, 1, 3.0, 3, 1, 0, 0, 0, 0, 0, 1]
[17, 3, 9, 16, 3, 6.099493198186183, 35, 2, 1, 4.0, 6, 3, 0, 0, 0, 0, 0, 1]
[17, 5, 8, 11, 3, 6.09691980881572, 12, 2, 3, 2.6, 4, 5, 0, 0, 0, 0, 0, 1]
[16, 3, 2, 14, 3, 6.098889476467478, 17, 1, 4, 5.5, 8, 6, 0, 0, 0, 0, 0, 1]
[24, 4, 17, 16, 3, 6.0961639516552815, 22, 3, 0, 2.5, 5, 6, 0, 0, 0, 0, 0, 1]
[15, 3, 8, 8, 3, 6.092384192619733, 9, 1, 3, 3.8, 5, 5, 0, 0, 0, 0, 0, 1]
[24, 3, 16, 14, 3, 6.088946684005202, 12, 1, 2, 2.0, 4, 7, 0, 0, 0, 0, 0, 1]
[143, 4, 86, 11, 3, 6.025325977933801, 45, 17, 28, 2.5, 9, 56, 0, 0, 0, 0, 0, 1]
[11, 5, 6, 7, 4, 6.021505376344086, 4, 0, 0, 1.0, 1, 1, 0, 0, 0, 0, 0, 1]
[24, 0, 15, 15, 3, 6.023117076808352, 19, 1, 1, 5.0, 9, 4, 0, 0, 0, 0, 0, 1]
[17, 6, 10, 16, 3, 6.025990099009901, 23, 2, 2, 3.25, 4, 4, 0, 0, 0, 0, 0, 1]
[6, 1, 5, 6, 4, 6.0254572417202175, 1, 1, 0, 3.0, 3, 1, 0, 0, 0, 0, 0, 1]
[21, 4, 10, 11, 3, 6.025571674452913, 20, 1, 1, 5.5, 8, 2, 0, 0, 0, 0, 0, 1]
[85, 3, 22, 19, 4, 6.0643063583815024, 141, 4, 13, 3.764705882352941, 5, 17, 0, 0, 0, 0, 0, 1]
[17, 2, 14, 16, 4, 6.068601583113456, 26, 0, 0, 2.0, 2, 1, 0, 0, 0, 0, 0, 1]
[11, 3, 8, 13, 4, 6.073205741626794, 21, 1, 2, 4.666666666666667, 5, 3, 0, 0, 0, 0, 0, 1]
[18, 4, 10, 21, 3, 6.0788470700333495, 40, 1, 2, 3.0, 4, 4, 0, 0, 0, 0, 0, 1]
[13, 3, 8, 26, 3, 6.090477321301353, 55, 2, 1, 6.666666666666667, 9, 3, 0, 0, 0, 0, 0, 1]
[7, 5, 6, 14, 5, 6.092697961119014, 17, 0, 0, 0.0, 0, 0, 0, 0, 0, 0, 0, 1]
[53, 3, 46, 14, 3, 6.082416295949426, 28, 4, 0, 4.75, 12, 4, 0, 0, 0, 0, 0, 1]
[8, 3, 2, 9, 4, 6.081093713484459, 4, 0, 0, 1.5, 2, 2, 0, 0, 0, 0, 0, 1]
[19, 5, 14, 12, 3, 6.08236389018148, 25, 1, 1, 3.6, 7, 5, 0, 0, 0, 0, 0, 1]
[142, 6, 135, 17, 3, 6.0452702702702705, 102, 13, 28, 2.5686274509803924, 5, 51, 0, 0, 0, 0, 0, 1]
[17, 1, 13, 10, 3, 6.044648866950864, 14, 0, 0, 2.0, 2, 1, 0, 0, 0, 0, 0, 1]
[20, 5, 6, 9, 3, 6.043332588787134, 16, 1, 5, 4.857142857142857, 7, 7, 0, 0, 0, 0, 0, 1]
[4, 3, 2, 16, 5, 6.0470877036375805, 18, 0, 1, 6.0, 6, 1, 0, 0, 0, 0, 0, 1]
[17, 3, 8, 10, 3, 6.044686527345487, 14, 0, 0, 2.0, 2, 1, 0, 0, 0, 0, 0, 1]
[12, 4, 6, 9, 3, 6.042350332594235, 4, 0, 1, 5.0, 5, 1, 0, 0, 0, 0, 0, 1]
[8, 2, 6, 16, 3, 6.0458167330677295, 22, 2, 0, 7.5, 11, 2, 0, 0, 0, 0, 0, 1]
[22, 4, 13, 11, 3, 6.045374449339207, 16, 0, 2, 2.0, 3, 3, 0, 0, 0, 0, 0, 1]
[6, 3, 4, 7, 4, 6.044654641443027, 0, 1, 2, 4.0, 5, 3, 0, 0, 0, 0, 0, 1]
[17, 6, 12, 14, 3, 6.045364891518737, 18, 0, 0, 2.0, 2, 1, 0, 0, 0, 0, 0, 1]
[19, 4, 12, 10, 3, 6.042776080314273, 11, 0, 2, 2.1666666666666665, 5, 6, 0, 0, 0, 0, 2, 1]
[7, 5, 4, 8, 6, 6.043364567443888, 0, 1, 0, 4.0, 4, 1, 0, 0, 0, 0, 0, 1]
[26, 4, 23, 16, 3, 6.045070422535211, 35, 2, 2, 4.875, 13, 8, 0, 0, 0, 0, 0, 1]
[8, 4, 4, 12, 5, 6.0471555267142545, 5, 1, 2, 4.666666666666667, 5, 3, 0, 0, 0, 0, 0, 1]
[12, 8, 9, 8, 3, 6.0468176914778855, 10, 0, 2, 3.3333333333333335, 5, 3, 0, 0, 0, 0, 0, 1]
[18, 5, 11, 14, 4, 6.053728777133032, 42, 1, 2, 6.0, 9, 4, 0, 0, 0, 0, 0, 1]
[12, 3, 4, 15, 4, 6.057663451232583, 18, 0, 1, 5.0, 5, 1, 0, 0, 0, 0, 0, 1]
[27, 5, 12, 14, 4, 6.065643648763853, 50, 1, 3, 4.6, 6, 5, 0, 0, 0, 0, 0, 1]
[13, 5, 5, 16, 5, 6.071625929861849, 25, 1, 1, 9.0, 13, 2, 0, 0, 0, 0, 0, 1]
[17, 5, 10, 11, 3, 6.069673867005506, 13, 0, 0, 1.5, 2, 2, 0, 0, 0, 0, 0, 1]
[13, 4, 5, 11, 3, 6.0724392819429776, 15, 1, 0, 4.0, 7, 2, 0, 0, 0, 0, 0, 1]
[8, 1, 5, 14, 4, 6.075901328273245, 22, 1, 1, 6.0, 6, 2, 0, 0, 0, 0, 0, 1]
[21, 5, 15, 9, 3, 6.074727120067171, 17, 2, 0, 3.5, 4, 2, 0, 0, 0, 0, 1, 1]
[3, 3, 2, 6, 6, 6.074680092301238, 0, 0, 0, 0.0, 0, 0, 0, 0, 0, 0, 0, 1]
[20, 4, 18, 16, 3, 6.075412575725925, 26, 2, 0, 4.5, 5, 2, 0, 0, 0, 0, 0, 1]
[4, 1, 1, 8, 5, 6.075767063243582, 0, 1, 0, 5.0, 5, 1, 0, 0, 0, 0, 0, 1]
[17, 5, 15, 11, 3, 6.0788269550748755, 27, 0, 1, 4.0, 6, 2, 0, 0, 0, 0, 0, 1]
[10, 2, 8, 14, 3, 6.078040680780407, 11, 0, 0, 0.0, 0, 0, 0, 0, 0, 0, 0, 1]
[4, 1, 1, 15, 6, 6.08025715470759, 7, 1, 0, 13.0, 13, 1, 0, 0, 0, 0, 0, 1]
[24, 7, 14, 9, 3, 6.0753198514238544, 9, 2, 0, 3.5, 5, 2, 0, 0, 0, 0, 0, 1]
[14, 2, 8, 16, 3, 6.083539094650206, 46, 4, 1, 5.833333333333333, 11, 6, 0, 0, 0, 0, 0, 1]
[20, 2, 14, 11, 3, 6.080122950819672, 9, 1, 1, 3.0, 6, 3, 0, 0, 0, 0, 0, 1]
[5, 6, 2, 9, 6, 6.081064483111566, 2, 0, 1, 5.0, 5, 1, 0, 0, 0, 0, 0, 1]
[13, 4, 11, 16, 4, 6.083299305839118, 20, 2, 2, 3.6, 6, 5, 0, 0, 0, 0, 0, 1]
[16, 2, 13, 14, 3, 6.082621082621083, 20, 0, 1, 2.5, 4, 2, 0, 0, 0, 0, 0, 1]
[9, 5, 5, 9, 4, 6.082876294942109, 11, 1, 1, 3.5, 4, 2, 0, 0, 0, 0, 0, 1]
[31, 5, 21, 16, 3, 6.087807832054905, 55, 2, 1, 6.25, 11, 4, 0, 0, 0, 0, 0, 1]
[16, 5, 4, 12, 4, 6.091549295774648, 24, 0, 1, 4.0, 4, 1, 0, 0, 0, 0, 0, 1]
[7, 5, 5, 10, 5, 6.093027928470966, 8, 1, 0, 3.5, 6, 2, 0, 0, 0, 0, 0, 1]
[23, 5, 18, 16, 3, 6.0948, 33, 2, 1, 8.0, 14, 3, 0, 0, 0, 0, 1, 1]
[12, 3, 6, 11, 5, 6.101556264964086, 40, 0, 0, 0.0, 0, 0, 0, 0, 0, 0, 0, 1]
[37, 6, 24, 11, 3, 6.095860566448802, 28, 3, 4, 3.5714285714285716, 5, 7, 0, 0, 0, 0, 0, 1]
[6, 4, 5, 16, 6, 6.100098911968348, 20, 1, 0, 4.0, 4, 1, 0, 0, 0, 0, 0, 1]
[51, 1, 36, 12, 3, 6.0938112025068545, 48, 4, 4, 4.0, 10, 8, 0, 0, 0, 0, 0, 1]
[6, 2, 4, 7, 5, 6.093701095461659, 6, 0, 2, 4.0, 5, 2, 0, 0, 0, 0, 0, 1]
[20, 3, 14, 14, 3, 6.097038191738114, 37, 1, 3, 5.75, 8, 4, 0, 0, 0, 0, 0, 1]
[11, 1, 7, 8, 3, 6.096052887419794, 7, 0, 0, 2.0, 2, 1, 0, 0, 0, 0, 0, 1]
[5, 2, 4, 14, 6, 6.0979020979020975, 9, 1, 0, 6.0, 10, 2, 0, 0, 0, 0, 0, 1]
[10, 2, 6, 16, 3, 6.097712291585886, 9, 0, 0, 0.0, 0, 0, 0, 0, 0, 0, 0, 1]
[19, 3, 17, 8, 3, 6.096001545296504, 15, 0, 0, 0.0, 0, 0, 0, 0, 0, 0, 0, 1]
[39, 2, 37, 16, 3, 6.089723926380368, 17, 0, 1, 1.5, 2, 2, 0, 0, 0, 0, 0, 1]
[11, 2, 10, 8, 3, 6.088004591543907, 7, 0, 1, 6.0, 6, 1, 0, 0, 0, 0, 0, 1]
[13, 3, 8, 16, 3, 6.090839694656489, 25, 0, 1, 6.0, 6, 1, 0, 0, 0, 0, 0, 1]
[21, 6, 19, 11, 4, 6.089716783881391, 18, 1, 1, 5.0, 5, 2, 0, 0, 0, 0, 0, 1]
