[14, 4, 10, 19, 4, 6.14164637116415, 61, 1, 6, 7.0, 15, 7, 0, 0, 0, 0, 0, 1]
[23, 3, 14, 18, 3, 6.1427877138413685, 37, 1, 0, 3.0, 6, 3, 0, 0, 0, 0, 0, 1]
[22, 5, 16, 20, 4, 6.14345295829292, 28, 2, 1, 2.3333333333333335, 4, 6, 0, 0, 0, 0, 0, 1]
[7, 2, 4, 16, 6, 6.145294174663177, 12, 1, 1, 2.5, 4, 2, 0, 0, 0, 0, 0, 1]
[27, 4, 16, 17, 3, 6.148685228151585, 51, 1, 1, 2.6666666666666665, 4, 3, 0, 0, 0, 0, 0, 1]
[6, 2, 4, 17, 5, 6.15024154589372, 21, 0, 0, 1.0, 1, 1, 0, 0, 0, 0, 0, 1]
[35, 6, 20, 23, 3, 6.150601829561868, 43, 0, 1, 1.625, 4, 8, 0, 0, 0, 0, 0, 1]
[11, 3, 9, 19, 4, 6.151885340515583, 29, 1, 4, 5.166666666666667, 16, 6, 0, 0, 0, 0, 0, 1]
[16, 1, 10, 16, 3, 6.15318862850557, 35, 2, 1, 2.6, 5, 5, 0, 0, 0, 0, 0, 1]
[27, 3, 18, 21, 3, 6.15968962544305, 85, 0, 4, 4.857142857142857, 8, 7, 0, 0, 0, 0, 0, 1]
[4, 3, 1, 12, 3, 6.1597242171789715, 5, 0, 0, 1.0, 1, 1, 0, 0, 0, 0, 0, 1]
[29, 4, 18, 14, 3, 6.159568372803667, 25, 1, 2, 2.857142857142857, 10, 7, 0, 0, 0, 0, 0, 1]
[13, 3, 9, 18, 6, 6.1639484978540775, 47, 3, 4, 8.0, 15, 7, 0, 0, 0, 0, 0, 1]
[25, 5, 19, 13, 3, 6.162797335870599, 20, 0, 1, 2.5, 3, 2, 0, 0, 0, 0, 0, 1]
[11, 3, 5, 18, 4, 6.165573614675411, 36, 0, 3, 6.5, 15, 4, 0, 0, 0, 0, 0, 1]
[15, 3, 10, 9, 3, 6.163819286256644, 8, 0, 0, 0.0, 0, 0, 0, 0, 0, 0, 0, 1]
[11, 2, 9, 16, 3, 6.163743244524509, 11, 0, 0, 2.0, 2, 1, 0, 0, 0, 0, 1, 1]
[22, 5, 15, 19, 3, 6.166524742170498, 61, 3, 3, 5.0, 11, 6, 0, 0, 0, 0, 0, 1]
[16, 5, 8, 14, 3, 6.166461974492206, 15, 0, 2, 3.5, 4, 2, 0, 0, 0, 0, 0, 1]
[16, 6, 15, 17, 4, 6.170832940288652, 59, 2, 5, 7.0, 14, 7, 0, 0, 0, 0, 0, 1]
[26, 3, 15, 13, 3, 6.169850381104733, 24, 1, 1, 4.0, 5, 2, 0, 0, 0, 0, 0, 1]
[15, 7, 9, 16, 3, 6.172242059763202, 36, 0, 1, 3.0, 5, 2, 0, 0, 0, 0, 0, 1]
[18, 2, 12, 14, 3, 6.174202626641651, 32, 1, 0, 4.0, 4, 1, 0, 0, 0, 0, 0, 1]
[15, 4, 10, 11, 2, 6.173021077283372, 2, 1, 1, 4.0, 9, 4, 0, 0, 0, 0, 0, 1]
[15, 3, 13, 19, 4, 6.179794200187091, 74, 4, 4, 6.0, 15, 8, 0, 0, 0, 0, 0, 1]
[16, 1, 11, 10, 3, 6.178684849617037, 12, 0, 1, 4.0, 4, 1, 0, 0, 0, 0, 0, 1]
[16, 5, 10, 8, 3, 6.177299011378474, 11, 1, 3, 3.75, 5, 4, 0, 0, 0, 0, 0, 1]
[16, 3, 12, 17, 3, 6.178431737753772, 30, 0, 1, 3.0, 5, 2, 0, 0, 0, 0, 0, 1]
[14, 4, 8, 12, 3, 6.178106398809524, 8, 0, 2, 4.0, 6, 3, 0, 0, 0, 0, 0, 1]
[20, 5, 11, 18, 4, 6.1818603787597475, 40, 3, 2, 5.6, 9, 5, 0, 0, 0, 0, 0, 1]
[24, 0, 17, 17, 3, 6.1850685439051505, 57, 1, 2, 5.5, 8, 4, 0, 0, 0, 0, 0, 1]
[14, 9, 10, 10, 3, 6.185013876040703, 12, 1, 0, 4.5, 7, 2, 0, 0, 0, 0, 0, 1]
[8, 3, 6, 19, 4, 6.185431687927529, 16, 1, 0, 3.0, 3, 1, 0, 0, 0, 0, 0, 1]
[23, 3, 19, 17, 3, 6.186052947145098, 39, 1, 3, 7.25, 14, 4, 0, 0, 0, 0, 0, 1]
[8, 6, 8, 16, 4, 6.186929670937413, 12, 0, 0, 2.0, 2, 1, 0, 0, 0, 0, 0, 1]
[14, 1, 9, 20, 4, 6.194513486145632, 84, 2, 6, 6.5, 10, 8, 0, 0, 0, 0, 0, 1]
[26, 5, 17, 17, 3, 6.195059234089448, 37, 1, 3, 4.5, 8, 6, 0, 0, 0, 0, 0, 1]
[5, 0, 3, 16, 3, 6.195795850927116, 6, 0, 1, 6.0, 6, 1, 0, 0, 0, 0, 0, 1]
[18, 3, 13, 16, 3, 6.197397360703812, 38, 2, 1, 5.666666666666667, 10, 3, 0, 0, 0, 0, 0, 1]
[12, 3, 11, 10, 3, 6.197272061515928, 5, 2, 0, 3.6666666666666665, 5, 3, 0, 0, 0, 0, 0, 1]
[12, 3, 11, 10, 3, 6.196781272860278, 11, 0, 1, 3.0, 3, 1, 0, 0, 0, 0, 0, 1]
[6, 2, 6, 18, 6, 6.199963443611771, 35, 1, 2, 11.666666666666666, 15, 3, 0, 0, 0, 0, 0, 1]
[12, 3, 9, 16, 4, 6.200383421581158, 14, 0, 1, 2.0, 2, 1, 0, 0, 0, 0, 1, 1]
[14, 3, 10, 14, 3, 6.200218818380744, 14, 0, 0, 0.0, 0, 0, 0, 0, 0, 0, 0, 1]
[11, 4, 11, 19, 3, 6.202113125056927, 26, 0, 1, 1.6666666666666667, 2, 3, 0, 0, 0, 0, 0, 1]
[25, 4, 23, 17, 3, 6.206470374409306, 67, 2, 4, 7.666666666666667, 14, 6, 0, 0, 0, 0, 0, 1]
[22, 1, 21, 20, 3, 6.2114093959731544, 71, 1, 8, 5.636363636363637, 13, 11, 0, 0, 0, 0, 0, 1]
[8, 6, 5, 16, 4, 6.211981149175276, 9, 0, 2, 3.3333333333333335, 5, 3, 0, 0, 0, 0, 0, 1]
[15, 1, 14, 19, 3, 6.2155851208254145, 55, 2, 3, 6.2, 15, 5, 0, 0, 0, 0, 0, 1]
[9, 5, 6, 7, 4, 6.214867064568638, 1, 1, 0, 2.5, 3, 2, 0, 0, 0, 0, 0, 1]
[16, 0, 13, 17, 3, 6.216272349647824, 27, 3, 0, 6.0, 8, 3, 0, 0, 0, 0, 0, 1]
[16, 2, 12, 17, 4, 6.219927862939585, 65, 4, 3, 8.0, 13, 7, 0, 0, 0, 0, 0, 1]
[9, 5, 8, 14, 5, 6.220920803676007, 22, 0, 1, 6.0, 6, 1, 0, 0, 0, 0, 0, 1]
[26, 0, 13, 8, 3, 6.2186966292134835, 7, 1, 0, 2.0, 3, 2, 0, 0, 0, 0, 0, 1]
[21, 3, 13, 19, 3, 6.221065853220886, 47, 1, 1, 2.5, 4, 4, 0, 0, 0, 0, 0, 1]
[4, 2, 3, 7, 6, 6.221076233183856, 2, 1, 0, 4.0, 4, 1, 0, 0, 0, 0, 1, 1]
[20, 1, 15, 18, 3, 6.2251566696508505, 52, 1, 2, 8.333333333333334, 15, 3, 0, 0, 0, 0, 0, 1]
[17, 3, 12, 9, 3, 6.224099401090552, 6, 2, 1, 3.6, 6, 5, 0, 0, 0, 0, 0, 1]
[21, 5, 16, 11, 3, 6.222787294789436, 18, 1, 1, 4.0, 8, 3, 0, 0, 0, 0, 0, 1]
[26, 5, 22, 20, 3, 6.227701620081894, 84, 3, 5, 6.0, 14, 9, 0, 0, 0, 0, 1, 1]
[3, 1, 2, 16, 6, 6.2286197383643325, 9, 0, 0, 0.0, 0, 0, 0, 0, 0, 0, 0, 1]
[24, 2, 17, 19, 3, 6.232039783322973, 61, 2, 5, 5.285714285714286, 14, 7, 0, 0, 0, 0, 0, 1]
[15, 5, 13, 21, 3, 6.231376374600923, 15, 0, 0, 2.0, 2, 1, 0, 0, 0, 0, 0, 1]
[21, 2, 9, 21, 4, 6.233513322120917, 35, 3, 2, 4.571428571428571, 9, 7, 0, 0, 0, 0, 0, 1]
[27, 6, 16, 16, 3, 6.233133168491699, 29, 2, 2, 3.0, 4, 5, 0, 0, 0, 0, 0, 1]
[13, 2, 10, 8, 3, 6.232071976713416, 12, 0, 3, 4.333333333333333, 6, 3, 0, 0, 0, 0, 0, 1]
[25, 4, 16, 17, 4, 6.235521915155783, 51, 2, 3, 2.6, 5, 5, 0, 0, 0, 0, 1, 1]
[3, 2, 3, 16, 6, 6.236427628684558, 9, 0, 0, 0.0, 0, 0, 0, 0, 0, 0, 0, 1]
[31, 4, 17, 8, 3, 6.233766233766234, 7, 3, 3, 3.2857142857142856, 5, 7, 0, 0, 0, 0, 0, 1]
[36, 3, 20, 35, 3, 6.237228831350595, 71, 6, 4, 3.9285714285714284, 15, 14, 0, 0, 0, 0, 0, 1]
[4, 2, 1, 7, 5, 6.237058412032179, 0, 0, 0, 0.0, 0, 0, 0, 0, 0, 0, 0, 1]
[42, 3, 28, 19, 3, 6.2369750827670325, 50, 5, 9, 3.736842105263158, 14, 19, 0, 0, 0, 0, 0, 1]
[25, 5, 13, 34, 4, 6.238720333825959, 46, 2, 4, 2.5833333333333335, 9, 12, 0, 0, 0, 0, 0, 1]
[29, 7, 19, 16, 3, 6.238900450919181, 28, 3, 1, 2.8, 4, 5, 0, 0, 0, 0, 0, 1]
[31, 4, 18, 20, 3, 6.246216379832224, 95, 5, 8, 5.533333333333333, 10, 15, 0, 0, 0, 0, 0, 1]
[13, 6, 7, 22, 4, 6.247149274360746, 23, 2, 4, 4.428571428571429, 8, 7, 0, 0, 0, 0, 0, 1]
[9, 4, 5, 10, 4, 6.246698316788951, 3, 0, 0, 2.0, 2, 1, 0, 0, 0, 0, 0, 1]
[17, 4, 13, 16, 3, 6.246250646440269, 14, 2, 0, 3.0, 4, 3, 0, 0, 0, 0, 0, 1]
[5, 5, 5, 8, 4, 6.2459722581201, 7, 1, 1, 4.5, 6, 2, 0, 0, 0, 0, 0, 1]
[23, 4, 18, 18, 3, 6.244625967325882, 24, 3, 1, 3.6666666666666665, 10, 6, 0, 0, 0, 0, 0, 1]
