[15, 4, 13, 11, 3, 6.29696351688194, 21, 1, 0, 5.5, 7, 2, 0, 0, 0, 0, 0, 1]
[17, 6, 13, 19, 4, 6.298541219043311, 27, 0, 1, 3.0, 4, 2, 0, 0, 0, 0, 0, 1]
[15, 3, 11, 11, 4, 6.29701964326033, 12, 0, 1, 4.0, 4, 1, 0, 0, 0, 0, 0, 1]
[12, 3, 8, 15, 3, 6.296166854565953, 13, 0, 1, 1.5, 2, 2, 0, 0, 0, 0, 0, 1]
[15, 1, 11, 18, 4, 6.301969611705121, 61, 1, 3, 5.666666666666667, 15, 6, 0, 0, 0, 0, 0, 1]
[15, 4, 11, 15, 3, 6.302134831460674, 25, 0, 0, 0.0, 0, 0, 0, 0, 0, 0, 0, 1]
[16, 2, 11, 8, 3, 6.300358905338717, 3, 0, 2, 3.0, 5, 2, 0, 0, 0, 0, 0, 1]
[18, 3, 13, 17, 3, 6.305798074770539, 62, 2, 4, 7.25, 13, 8, 0, 0, 0, 0, 0, 1]
[20, 5, 14, 17, 3, 6.304668304668304, 21, 0, 1, 2.0, 3, 2, 0, 0, 0, 0, 0, 1]
[17, 1, 12, 19, 3, 6.311559469401405, 75, 3, 4, 5.111111111111111, 15, 9, 0, 0, 0, 0, 0, 1]
[28, 6, 23, 13, 3, 6.310145571730192, 24, 2, 1, 4.0, 8, 4, 0, 0, 0, 0, 0, 1]
[9, 6, 8, 7, 3, 6.308725577264654, 1, 1, 1, 3.0, 3, 2, 0, 0, 0, 0, 0, 1]
[6, 5, 6, 17, 4, 6.309185711116042, 11, 0, 0, 2.0, 2, 1, 0, 0, 0, 0, 1, 1]
[17, 5, 14, 19, 3, 6.308825157789835, 26, 0, 1, 2.5, 3, 2, 0, 0, 0, 0, 0, 1]
[13, 4, 8, 14, 5, 6.310039805395842, 23, 3, 1, 6.8, 10, 5, 0, 0, 0, 0, 0, 1]
[26, 5, 21, 17, 3, 6.313120176405733, 68, 2, 6, 6.125, 10, 8, 0, 0, 0, 0, 0, 1]
[13, 4, 11, 16, 3, 6.313442695144776, 22, 1, 0, 4.0, 4, 1, 0, 0, 0, 0, 0, 1]
[16, 4, 14, 19, 3, 6.3172876140235195, 50, 2, 3, 5.571428571428571, 16, 7, 0, 0, 0, 0, 0, 1]
[28, 4, 21, 17, 3, 6.320368138490194, 64, 2, 4, 7.0, 12, 6, 0, 0, 0, 0, 0, 1]
[6, 3, 4, 6, 5, 6.319829190846381, 3, 0, 1, 3.0, 3, 1, 0, 0, 0, 0, 0, 1]
[32, 3, 23, 20, 3, 6.327877795962903, 105, 4, 5, 6.666666666666667, 13, 9, 0, 0, 0, 0, 0, 1]
[13, 5, 9, 13, 4, 6.32850294181739, 23, 0, 1, 3.0, 4, 2, 0, 0, 0, 0, 0, 1]
[6, 5, 5, 8, 6, 6.328614982578397, 7, 1, 0, 3.0, 4, 2, 0, 0, 0, 0, 0, 1]
[30, 3, 25, 18, 3, 6.331235077056653, 55, 1, 2, 4.0, 5, 4, 0, 0, 0, 0, 0, 1]
[7, 3, 6, 16, 5, 6.332501897841882, 16, 0, 0, 4.0, 4, 1, 0, 0, 0, 0, 0, 1]
[6, 3, 6, 8, 3, 6.331960550558144, 2, 0, 0, 0.0, 0, 0, 0, 0, 0, 0, 0, 1]
[82, 7, 39, 19, 3, 6.326458266194006, 113, 11, 18, 4.194444444444445, 16, 36, 0, 0, 0, 0, 0, 1]
[9, 5, 7, 6, 4, 6.325713672461902, 0, 0, 1, 2.3333333333333335, 4, 3, 0, 0, 0, 0, 0, 1]
[30, 4, 26, 20, 3, 6.332477535301669, 97, 3, 4, 6.125, 11, 8, 0, 0, 0, 0, 0, 1]
[12, 5, 10, 9, 4, 6.331837606837607, 14, 1, 1, 3.5, 4, 2, 0, 0, 0, 0, 0, 1]
[7, 3, 2, 16, 5, 6.3345788406106545, 20, 1, 1, 5.0, 7, 2, 0, 0, 0, 0, 0, 1]
[39, 4, 32, 19, 3, 6.338082075271103, 68, 3, 3, 5.428571428571429, 15, 7, 0, 0, 0, 0, 0, 1]
[11, 6, 6, 12, 5, 6.339598598279707, 15, 0, 2, 4.0, 7, 3, 0, 0, 0, 0, 0, 1]
[12, 8, 10, 11, 3, 6.338105843673772, 7, 1, 1, 3.0, 3, 2, 0, 0, 0, 0, 0, 1]
[30, 2, 22, 17, 3, 6.339782217993445, 54, 0, 2, 3.75, 7, 4, 0, 0, 0, 0, 0, 1]
[6, 3, 5, 7, 6, 6.339672477548865, 2, 1, 0, 2.5, 4, 2, 0, 0, 0, 0, 0, 1]
[29, 5, 24, 17, 3, 6.342532125552981, 70, 3, 3, 5.111111111111111, 10, 9, 0, 0, 0, 0, 0, 1]
[3, 3, 3, 16, 6, 6.343476887438138, 9, 0, 0, 2.0, 2, 1, 0, 0, 0, 0, 1, 1]
[20, 6, 16, 11, 3, 6.341599243459073, 9, 1, 1, 6.0, 9, 2, 0, 0, 0, 0, 0, 1]
[10, 4, 9, 19, 5, 6.34617403169938, 47, 1, 3, 5.8, 16, 5, 0, 0, 0, 0, 0, 1]
[15, 4, 13, 8, 3, 6.344477048836722, 12, 1, 0, 2.0, 2, 1, 0, 0, 0, 0, 0, 1]
[20, 5, 18, 20, 3, 6.352645889981176, 92, 3, 7, 7.0, 13, 11, 0, 0, 0, 0, 0, 1]
[4, 3, 4, 8, 6, 6.35270750574953, 0, 0, 0, 0.0, 0, 0, 0, 0, 0, 0, 0, 1]
[25, 3, 22, 10, 3, 6.35074549056407, 11, 2, 3, 5.2, 7, 5, 0, 0, 0, 0, 1, 1]
[9, 1, 8, 17, 4, 6.3525, 28, 1, 0, 7.0, 7, 1, 0, 0, 0, 0, 0, 1]
[17, 5, 7, 9, 3, 6.353124675054591, 18, 1, 0, 5.0, 5, 1, 0, 0, 0, 0, 0, 1]
[27, 2, 24, 19, 3, 6.356491082538366, 65, 0, 4, 5.833333333333333, 15, 6, 0, 0, 0, 0, 1, 1]
[7, 3, 6, 11, 4, 6.356646979587608, 7, 0, 0, 1.0, 1, 1, 0, 0, 0, 0, 0, 1]
[19, 1, 10, 16, 3, 6.359462254395036, 37, 1, 1, 9.333333333333334, 14, 3, 0, 0, 0, 0, 0, 1]
[31, 5, 25, 20, 3, 6.364292340995774, 85, 5, 5, 7.2, 13, 10, 0, 0, 0, 0, 0, 1]
[5, 4, 4, 6, 3, 6.363177416031321, 0, 0, 0, 0.0, 0, 0, 0, 0, 0, 0, 0, 1]
[24, 1, 20, 19, 3, 6.366700924974306, 63, 2, 2, 6.4, 16, 5, 0, 0, 0, 0, 0, 1]
[7, 2, 7, 14, 4, 6.367464311389545, 14, 0, 1, 3.0, 3, 1, 0, 0, 0, 0, 0, 1]
[26, 5, 22, 7, 3, 6.3647444433063605, 6, 5, 1, 3.125, 5, 8, 0, 0, 0, 0, 0, 1]
[4, 2, 3, 12, 4, 6.364902221767175, 5, 0, 0, 0.0, 0, 0, 0, 0, 0, 0, 0, 1]
[29, 6, 22, 16, 3, 6.362596978358514, 17, 3, 1, 6.0, 14, 4, 0, 0, 0, 0, 0, 1]
[15, 4, 9, 12, 6, 6.364794618285598, 27, 1, 0, 2.6666666666666665, 4, 3, 0, 0, 0, 0, 0, 1]
[16, 4, 15, 20, 4, 6.37223974763407, 77, 2, 4, 7.5, 10, 6, 0, 0, 0, 0, 0, 1]
[54, 5, 29, 16, 3, 6.38002226495294, 84, 5, 5, 4.25, 9, 12, 0, 0, 0, 0, 0, 1]
[6, 6, 3, 11, 6, 6.380701931829675, 7, 0, 0, 0.0, 0, 0, 0, 0, 0, 0, 0, 1]
[24, 2, 20, 19, 3, 6.3847240439915245, 73, 3, 2, 6.2, 15, 5, 0, 0, 0, 0, 0, 1]
[6, 2, 6, 6, 4, 6.3842896037107995, 0, 0, 0, 0.0, 0, 0, 0, 0, 0, 0, 0, 1]
[19, 1, 17, 20, 5, 6.391908212560386, 83, 3, 4, 7.571428571428571, 13, 7, 0, 0, 0, 0, 0, 1]
[12, 1, 8, 11, 3, 6.39103337354242, 10, 1, 0, 2.5, 3, 2, 0, 0, 0, 0, 0, 1]
[7, 3, 5, 11, 6, 6.391963837267705, 16, 2, 1, 5.0, 7, 4, 0, 0, 0, 0, 0, 1]
[28, 5, 22, 17, 3, 6.391766002203746, 38, 1, 3, 4.0, 5, 4, 0, 0, 0, 0, 0, 1]
[9, 6, 8, 16, 4, 6.391813450760608, 9, 0, 0, 2.0, 2, 1, 0, 0, 0, 0, 1, 1]
[22, 2, 17, 12, 4, 6.3916516876373075, 27, 1, 0, 2.0, 2, 1, 0, 0, 0, 0, 0, 1]
[14, 3, 12, 19, 3, 6.3947945751894695, 50, 0, 4, 7.0, 15, 4, 0, 0, 0, 0, 0, 1]
[4, 2, 4, 6, 4, 6.3942384370015946, 0, 0, 0, 1.0, 1, 1, 0, 0, 0, 0, 0, 1]
[29, 1, 26, 17, 3, 6.39668025047212, 74, 3, 3, 7.142857142857143, 14, 7, 0, 0, 0, 0, 0, 1]
[6, 4, 5, 9, 5, 6.397039833118109, 12, 0, 1, 6.0, 6, 1, 0, 0, 0, 0, 0, 1]
[22, 2, 18, 16, 3, 6.39647140449995, 24, 1, 1, 2.75, 4, 4, 0, 0, 0, 0, 0, 1]
[52, 4, 11, 19, 4, 6.402820234690859, 93, 6, 7, 2.923076923076923, 5, 13, 0, 0, 0, 0, 0, 1]
[5, 5, 5, 7, 5, 6.402621722846442, 2, 1, 1, 4.5, 5, 2, 0, 0, 0, 0, 0, 1]
[32, 6, 28, 10, 3, 6.3987030850854785, 13, 2, 3, 2.2857142857142856, 4, 7, 0, 0, 0, 0, 0, 1]
[8, 4, 7, 18, 4, 6.400549774199882, 27, 1, 3, 9.5, 15, 4, 0, 0, 0, 0, 0, 1]
[17, 2, 15, 9, 3, 6.399588356365775, 11, 1, 0, 7.0, 7, 1, 0, 0, 0, 0, 0, 1]
[17, 3, 17, 20, 3, 6.4049902152641875, 77, 3, 4, 6.857142857142857, 14, 7, 0, 0, 0, 0, 0, 1]
[18, 2, 14, 16, 4, 6.405352607931237, 27, 0, 0, 0.0, 0, 0, 0, 0, 0, 0, 0, 1]
