[92, 24, 43, 20, 3, 6.148362235067437, 215, 14, 17, 4.815789473684211, 15, 38, 0, 0, 0, 0, 0, 1]
[9, 5, 4, 9, 4, 6.148290598290599, 2, 1, 1, 2.5, 3, 2, 0, 0, 0, 0, 0, 1]
[26, 4, 14, 16, 3, 6.153846153846154, 46, 2, 1, 6.4, 14, 5, 0, 0, 0, 0, 0, 1]
[17, 2, 14, 19, 4, 6.1590091043828075, 37, 3, 2, 6.833333333333333, 16, 6, 0, 0, 0, 0, 0, 1]
[8, 3, 5, 10, 4, 6.160431198478123, 10, 1, 0, 5.0, 5, 1, 0, 0, 0, 0, 0, 1]
[27, 2, 17, 17, 4, 6.172341319882303, 66, 2, 2, 5.4, 10, 5, 0, 0, 0, 0, 2, 1]
[11, 2, 6, 14, 4, 6.174879429649822, 18, 1, 2, 3.6666666666666665, 5, 3, 0, 0, 0, 0, 1, 1]
[30, 2, 17, 16, 3, 6.179829131068972, 49, 1, 3, 3.25, 4, 4, 0, 0, 0, 0, 1, 1]
[22, 2, 14, 19, 4, 6.186890686579548, 48, 1, 1, 8.0, 16, 3, 0, 0, 0, 0, 0, 1]
[5, 4, 3, 6, 5, 6.186489846663904, 1, 0, 0, 3.0, 3, 1, 0, 0, 0, 0, 2, 1]
[27, 7, 17, 20, 3, 6.198021842159489, 77, 3, 1, 5.5, 13, 6, 0, 0, 0, 0, 2, 1]
[15, 2, 13, 11, 3, 6.198027937551355, 11, 1, 0, 3.6666666666666665, 4, 3, 0, 0, 0, 0, 3, 1]
[25, 2, 17, 13, 3, 6.198855507868384, 35, 1, 2, 3.6666666666666665, 5, 3, 0, 0, 0, 0, 2, 1]
[14, 3, 13, 16, 4, 6.201752598328918, 21, 3, 1, 4.75, 9, 4, 0, 0, 0, 0, 2, 1]
[3, 3, 3, 16, 4, 6.203258655804481, 9, 0, 0, 0.0, 0, 0, 0, 0, 0, 0, 0, 1]
[17, 3, 10, 14, 3, 6.202557337121981, 21, 1, 1, 6.5, 8, 2, 0, 0, 0, 0, 0, 1]
[19, 4, 9, 19, 3, 6.210270926000809, 36, 0, 0, 2.0, 2, 1, 0, 0, 0, 0, 0, 1]
[6, 2, 3, 13, 5, 6.211429725363489, 9, 1, 0, 6.0, 6, 1, 0, 0, 0, 0, 0, 1]
[27, 3, 20, 17, 3, 6.214902590881703, 42, 2, 3, 5.166666666666667, 10, 6, 0, 0, 0, 0, 0, 1]
[13, 3, 2, 16, 3, 6.217748397435898, 12, 2, 2, 4.75, 7, 4, 0, 0, 0, 0, 1, 1]
[18, 4, 15, 16, 4, 6.219760479041916, 30, 0, 2, 2.5, 3, 2, 0, 0, 0, 0, 0, 1]
[34, 5, 18, 19, 3, 6.232355273592387, 77, 3, 6, 5.7, 15, 10, 0, 0, 0, 0, 0, 1]
[6, 3, 4, 9, 5, 6.233663366336634, 4, 0, 0, 1.0, 1, 1, 0, 0, 0, 0, 0, 1]
[27, 6, 13, 10, 3, 6.234390388024424, 14, 0, 2, 2.25, 3, 4, 0, 0, 0, 0, 0, 1]
[19, 6, 11, 17, 3, 6.243131868131868, 57, 2, 2, 6.8, 12, 5, 0, 0, 0, 0, 0, 1]
[11, 2, 5, 16, 4, 6.247111807323281, 27, 1, 1, 8.5, 14, 2, 0, 0, 0, 0, 0, 1]
[18, 5, 13, 14, 3, 6.247804878048781, 26, 1, 0, 4.0, 6, 2, 0, 0, 0, 0, 0, 1]
[6, 2, 4, 11, 4, 6.248489573182615, 5, 0, 0, 0.0, 0, 0, 0, 0, 0, 0, 0, 1]
[19, 2, 13, 16, 3, 6.249320388349514, 33, 1, 4, 3.4, 6, 5, 0, 0, 0, 0, 1, 1]
[15, 4, 11, 19, 3, 6.257115198451113, 45, 1, 1, 2.6666666666666665, 4, 3, 0, 0, 0, 0, 0, 1]
[8, 7, 4, 17, 5, 6.2613570462014305, 25, 1, 3, 8.0, 15, 4, 0, 0, 0, 0, 0, 1]
[40, 3, 32, 20, 3, 6.27642432380587, 118, 4, 4, 4.909090909090909, 13, 11, 0, 0, 0, 0, 0, 1]
[17, 5, 14, 13, 4, 6.279158699808796, 20, 2, 4, 5.0, 11, 6, 0, 0, 0, 0, 0, 1]
[28, 3, 13, 15, 3, 6.2818562190947125, 34, 1, 2, 3.6, 6, 5, 0, 0, 0, 0, 0, 1]
[14, 4, 13, 17, 3, 6.2841426403641885, 20, 0, 1, 5.0, 5, 1, 0, 0, 0, 0, 0, 1]
[20, 6, 14, 11, 3, 6.284580498866213, 24, 1, 0, 5.0, 5, 1, 0, 0, 0, 0, 0, 1]
[20, 1, 16, 19, 3, 6.292921686746988, 52, 3, 0, 5.5, 14, 4, 0, 0, 0, 0, 0, 1]
[5, 5, 5, 16, 4, 6.296971976678578, 19, 1, 0, 2.0, 2, 1, 0, 0, 0, 0, 0, 1]
[29, 6, 23, 20, 3, 6.304339693228582, 79, 2, 4, 5.875, 13, 8, 0, 0, 0, 0, 0, 1]
[6, 2, 3, 7, 4, 6.303998505231689, 2, 1, 0, 5.0, 5, 1, 0, 0, 0, 0, 0, 1]
[24, 6, 20, 15, 3, 6.299665178571429, 15, 0, 1, 2.5, 4, 4, 0, 0, 0, 0, 0, 1]
[17, 3, 12, 19, 4, 6.307435564620805, 55, 1, 4, 6.6, 15, 5, 0, 0, 0, 0, 0, 1]
[21, 8, 13, 16, 3, 6.305873660879202, 18, 0, 1, 3.0, 3, 1, 0, 0, 0, 0, 0, 1]
[21, 4, 18, 20, 4, 6.316283348666054, 72, 4, 4, 5.888888888888889, 11, 9, 0, 0, 0, 0, 0, 1]
[4, 6, 3, 10, 5, 6.316602316602316, 1, 0, 0, 0.0, 0, 0, 0, 0, 0, 0, 0, 1]
[23, 9, 17, 15, 3, 6.314536799707067, 22, 1, 0, 3.0, 5, 2, 0, 0, 0, 0, 0, 1]
[9, 4, 8, 16, 4, 6.314567720709194, 10, 0, 0, 0.0, 0, 0, 0, 0, 0, 0, 0, 1]
[11, 5, 6, 16, 4, 6.31703757752645, 25, 2, 2, 7.5, 14, 4, 0, 0, 0, 0, 0, 1]
[35, 7, 22, 19, 3, 6.325901758201922, 95, 4, 4, 6.222222222222222, 12, 9, 0, 0, 0, 0, 1, 1]
[2, 2, 2, 6, 6, 6.325783656459503, 0, 0, 0, 0.0, 0, 0, 0, 0, 0, 0, 0, 1]
[12, 2, 9, 7, 3, 6.323811245706021, 5, 1, 1, 5.0, 5, 2, 0, 0, 0, 0, 0, 1]
[23, 2, 19, 20, 4, 6.333273316528628, 70, 2, 5, 5.8, 13, 10, 0, 0, 0, 0, 0, 1]
[2, 3, 2, 8, 7, 6.333693304535637, 7, 0, 1, 6.0, 6, 1, 0, 0, 0, 0, 0, 1]
[24, 2, 18, 19, 3, 6.338709677419355, 53, 1, 2, 3.5, 4, 4, 0, 0, 0, 0, 0, 1]
[3, 2, 3, 16, 6, 6.340677055346588, 11, 0, 0, 0.0, 0, 0, 0, 0, 0, 0, 0, 1]
[3, 3, 3, 6, 6, 6.340494092373792, 0, 0, 0, 0.0, 0, 0, 0, 0, 0, 0, 0, 1]
[21, 3, 16, 17, 3, 6.34242910647405, 32, 1, 1, 6.0, 6, 2, 0, 0, 0, 0, 0, 1]
[8, 3, 5, 16, 4, 6.344968833481746, 19, 1, 2, 6.0, 10, 3, 0, 0, 0, 0, 0, 1]
[21, 4, 16, 17, 3, 6.348651525904897, 43, 1, 3, 6.2, 13, 5, 0, 0, 0, 0, 0, 1]
[4, 1, 3, 16, 4, 6.351950354609929, 20, 0, 0, 1.0, 1, 1, 0, 0, 0, 0, 0, 1]
[3, 3, 3, 6, 4, 6.351054403685983, 0, 0, 0, 0.0, 0, 0, 0, 0, 0, 0, 0, 1]
[30, 1, 23, 19, 3, 6.354838709677419, 56, 3, 3, 3.625, 6, 8, 0, 0, 0, 0, 0, 1]
[1, 4, 1, 5, 5, 6.354599929502996, 0, 0, 0, 0.0, 0, 0, 0, 0, 0, 0, 0, 1]
[34, 3, 31, 20, 3, 6.364926419060967, 90, 3, 5, 6.090909090909091, 13, 11, 0, 0, 0, 0, 0, 1]
[5, 2, 5, 8, 6, 6.365482233502538, 8, 0, 1, 3.0, 3, 1, 0, 0, 0, 0, 0, 1]
[7, 6, 5, 16, 4, 6.367657342657343, 17, 1, 1, 2.5, 3, 2, 0, 0, 0, 0, 0, 1]
[33, 2, 26, 19, 3, 6.366417521293238, 51, 2, 4, 3.125, 6, 8, 0, 0, 0, 0, 0, 1]
[10, 3, 4, 9, 5, 6.3657817109144545, 0, 0, 3, 4.25, 7, 4, 0, 0, 0, 0, 0, 1]
[35, 2, 27, 16, 3, 6.37030010348396, 64, 4, 2, 5.25, 13, 8, 0, 0, 0, 0, 0, 1]
[5, 2, 5, 8, 4, 6.370153368947096, 8, 0, 2, 4.5, 6, 2, 0, 0, 0, 0, 1, 1]
[30, 3, 25, 16, 3, 6.368421052631579, 35, 4, 1, 3.1666666666666665, 6, 6, 0, 0, 0, 0, 0, 1]
[18, 5, 12, 14, 4, 6.368142197914886, 16, 3, 2, 3.8, 6, 5, 0, 0, 0, 0, 0, 1]
[8, 5, 0, 14, 5, 6.372077146270694, 16, 2, 1, 4.0, 6, 3, 0, 0, 0, 0, 0, 1]
[29, 6, 25, 19, 3, 6.376358695652174, 65, 2, 3, 3.0, 5, 6, 0, 0, 0, 0, 0, 1]
[13, 4, 11, 11, 4, 6.37485172004745, 10, 1, 3, 5.0, 9, 4, 0, 0, 0, 0, 0, 1]
[23, 4, 15, 13, 3, 6.37508440243079, 28, 4, 2, 4.0, 7, 6, 0, 0, 0, 0, 0, 1]
[14, 4, 10, 14, 4, 6.377062984169754, 19, 0, 0, 0.0, 0, 0, 0, 0, 0, 0, 0, 1]
[8, 4, 4, 14, 5, 6.379919273461151, 17, 0, 0, 0.0, 0, 0, 0, 0, 0, 0, 0, 1]
[32, 5, 27, 17, 3, 6.381900301104048, 48, 1, 3, 4.5, 8, 6, 0, 0, 0, 0, 0, 1]
[5, 3, 5, 6, 3, 6.3809125856593685, 0, 0, 0, 0.0, 0, 0, 0, 0, 0, 0, 0, 1]
